Unnamed: 0,sysEname,time,triggername,is_root
0,SYS_8,2019-06-15 08:28:54,主机node_79 网卡eth0 发送流量持续30分钟平均值大于700M,0
1,SYS_1,2019-06-15 08:28:54,主机node_58 网卡eth0 接收流量持续10分钟平均值大于180M,0
2,SYS_8,2019-06-15 08:28:55,主机node_87 **application 停止运行,0
3,SYS_8,2019-06-15 08:28:55,主机node_95 日志报错:无法获取连接,0
4,SYS_2,2019-06-15 08:28:55,主机node_37 ping延迟时间持续3分钟大于100ms,0
5,SYS_6,2019-06-15 08:28:57,主机node_25 网卡eth0 发送流量持续30分钟平均值大于700M,0
6,SYS_2,2019-06-15 08:28:59,主机node_21 **application 停止运行,0
7,SYS_9,2019-06-15 08:28:59,主机node_78 网卡eth0 接收流量持续10分钟平均值大于300M,0
8,SYS_5,2019-06-15 08:28:59,主机node_14 **application 停止运行,0
9,SYS_1,2019-06-15 08:29:03,主机node_17 FullGC次数：23次（大于阈值：10次）,0
10,SYS_8,2019-06-15 08:29:03,"主机node_10 空闲CPU为4.74%,持续15分钟小于10%",0
11,SYS_8,2019-06-15 08:29:03,主机node_95 上I/O等待负载大于50%,0
12,SYS_8,2019-06-15 08:29:03,主机node_84 ping延迟时间持续3分钟大于100ms,0
13,SYS_8,2019-06-15 08:29:03,主机node_49 上CPU Steal Time持续5分钟超过10%,0
14,SYS_6,2019-06-15 08:29:05,主机node_48 日志产生ERROR信息,0
15,SYS_8,2019-06-15 08:29:06,主机node_43 日志中有OutOfMemoryError信息,0
16,SYS_5,2019-06-15 08:29:07,主机node_38 堆内存平均使用率：94.61%（大于阈值：90%）,0
17,SYS_5,2019-06-15 08:29:09,主机node_14 **application 停止运行,0
18,SYS_9,2019-06-15 08:29:09,主机node_75 上CPU Steal Time持续5分钟超过10%,0
19,SYS_4,2019-06-15 08:29:09,主机node_72 网卡eth0 接收流量持续10分钟平均值大于180M,0
20,SYS_4,2019-06-15 08:29:09,主机node_13 网卡eth0 接收流量持续10分钟平均值大于300M,0
21,SYS_4,2019-06-15 08:29:10,主机node_19 日志报错:无法获取连接,0
22,SYS_8,2019-06-15 08:29:13,主机node_84 ping延迟时间持续3分钟大于100ms,0
23,SYS_1,2019-06-15 08:29:13,主机node_17 FullGC次数：23次（大于阈值：10次）,0
24,SYS_8,2019-06-15 08:29:13,主机node_49 上CPU Steal Time持续5分钟超过10%,0
25,SYS_8,2019-06-15 08:29:13,主机node_95 上I/O等待负载大于50%,0
26,SYS_5,2019-06-15 08:29:13,主机node_82 **** 请求延时大于5分钟,0
27,SYS_8,2019-06-15 08:29:13,"主机node_10 空闲CPU为4.74%,持续15分钟小于10%",0
28,SYS_2,2019-06-15 08:29:15,主机node_99 上I/O等待负载大于50%,0
29,SYS_2,2019-06-15 08:29:15,主机node_37 ping延迟时间持续3分钟大于100ms,0
30,SYS_4,2019-06-15 08:29:16,主机node_9 日志中有No route to host信息,0
31,SYS_2,2019-06-15 08:29:17,主机node_91 日志产生ERROR信息,0
32,SYS_6,2019-06-15 08:29:17,主机node_25 网卡eth0 发送流量持续30分钟平均值大于700M,0
33,SYS_4,2019-06-15 08:29:18,主机node_36 ping延迟时间持续3分钟大于100ms,0
34,SYS_5,2019-06-15 08:29:19,主机node_14 **application 停止运行,0
35,SYS_8,2019-06-15 08:29:19,"主机node_88 ping丢包率100%,服务器宕机",1
36,SYS_7,2019-06-15 08:29:22,主机node_51 硬盘Slot 00状态为Failed,0
37,SYS_10,2019-06-15 08:29:22,主机node_96 JBOSS 8080端口的连接数大于400,0
38,SYS_8,2019-06-15 08:29:23,主机node_95 上I/O等待负载大于50%,0
39,SYS_8,2019-06-15 08:29:23,"主机node_10 空闲CPU为4.74%,持续15分钟小于10%",0
40,SYS_8,2019-06-15 08:29:23,主机node_49 上CPU Steal Time持续5分钟超过10%,0
41,SYS_8,2019-06-15 08:29:23,主机node_84 ping延迟时间持续3分钟大于100ms,0
42,SYS_8,2019-06-15 08:29:23,主机node_49 日志产生ERROR信息,0
43,SYS_4,2019-06-15 08:29:26,主机node_9 日志中有No route to host信息,0
44,SYS_6,2019-06-15 08:29:27,主机node_25 网卡eth0 发送流量持续30分钟平均值大于700M,0
45,SYS_4,2019-06-15 08:29:28,主机node_36 ping延迟时间持续3分钟大于100ms,0
46,SYS_9,2019-06-15 08:29:29,主机node_75 上CPU Steal Time持续5分钟超过10%,0
47,SYS_5,2019-06-15 08:29:32,主机node_6 日志中有OutOfMemoryError信息,0
48,SYS_3,2019-06-15 08:29:34,主机node_97 上I/O等待负载持续15分钟超过10%,0
49,SYS_2,2019-06-15 08:29:34,主机node_55 上I/O等待负载持续15分钟超过10%,0
50,SYS_2,2019-06-15 08:29:34,主机node_37 上CPU Steal Time持续5分钟超过10%,0
51,SYS_3,2019-06-15 08:29:34,主机node_3 上I/O等待负载持续15分钟超过10%,0
52,SYS_2,2019-06-15 08:29:34,主机node_21 ping延迟时间持续3分钟大于100ms,0
53,SYS_3,2019-06-15 08:29:34,主机node_28 上I/O等待负载大于50%,0
54,SYS_8,2019-06-15 08:29:35,主机node_95 日志报错:无法获取连接,0
55,SYS_5,2019-06-15 08:29:37,主机node_38 堆内存平均使用率：94.61%（大于阈值：90%）,0
56,SYS_6,2019-06-15 08:29:37,主机node_25 网卡eth0 发送流量持续30分钟平均值大于700M,0
57,SYS_9,2019-06-15 08:29:39,主机node_78 网卡eth0 接收流量持续10分钟平均值大于300M,0
58,SYS_4,2019-06-15 08:29:39,主机node_13 网卡eth0 接收流量持续10分钟平均值大于300M,0
59,SYS_9,2019-06-15 08:29:39,主机node_75 上CPU Steal Time持续5分钟超过10%,0
60,SYS_8,2019-06-15 08:29:39,"主机node_88 ping丢包率100%,服务器宕机",1
61,SYS_3,2019-06-15 08:29:40,主机node_28 堆内存平均使用率：94.61%（大于阈值：90%）,0
62,SYS_1,2019-06-15 08:29:40,主机node_33 日志产生ERROR信息,0
63,SYS_5,2019-06-15 08:29:40,主机node_2 HTTP:http://*************，慢响应（调用耗时超过1000ms）次数：309次（大于阈值：200次）,0
64,SYS_2,2019-06-15 08:29:43,主机node_99 HTTP:http://*************，慢响应（调用耗时超过1000ms）次数：223次（大于阈值：200次）,0
65,SYS_2,2019-06-15 08:29:43,主机node_7 ping延迟时间持续3分钟大于100ms,0
66,SYS_2,2019-06-15 08:29:43,主机node_18 上I/O等待负载大于50%,0
67,SYS_5,2019-06-15 08:29:43,主机node_82 **** 请求延时大于5分钟,0
68,SYS_2,2019-06-15 08:29:43,"主机node_91 空闲CPU为4.74%,持续15分钟小于10%",0
69,SYS_2,2019-06-15 08:29:43,主机node_8 ping延迟时间持续3分钟大于100ms,0
70,SYS_3,2019-06-15 08:29:43,主机node_94 ping延迟时间持续3分钟大于100ms,0
71,SYS_3,2019-06-15 08:29:43,"主机node_39 空闲CPU为4.74%,持续15分钟小于10%",0
72,SYS_3,2019-06-15 08:29:43,主机node_86 上I/O等待负载持续15分钟超过10%,0
73,SYS_6,2019-06-15 08:29:43,主机node_46 **application 停止运行,0
74,SYS_8,2019-06-15 08:29:45,主机node_87 **application 停止运行,0
75,SYS_8,2019-06-15 08:29:47,主机node_88 上CPU Steal Time持续5分钟超过10%,0
76,SYS_6,2019-06-15 08:29:48,主机node_35 上I/O等待负载持续15分钟超过10%,0
77,SYS_4,2019-06-15 08:29:49,主机node_72 网卡eth0 接收流量持续10分钟平均值大于180M,0
78,SYS_8,2019-06-15 08:29:49,"主机node_88 ping丢包率100%,服务器宕机",1
79,SYS_3,2019-06-15 08:29:50,主机node_86 网卡流量unknown,0
80,SYS_9,2019-06-15 08:29:50,主机node_47 JBOSS 8080端口的连接数大于400,0
81,SYS_8,2019-06-15 08:29:53,主机node_84 ping延迟时间持续3分钟大于100ms,0
82,SYS_3,2019-06-15 08:29:53,主机node_86 上I/O等待负载持续15分钟超过10%,0
83,SYS_2,2019-06-15 08:29:53,"主机node_91 空闲CPU为4.74%,持续15分钟小于10%",0
84,SYS_8,2019-06-15 08:29:53,主机node_95 上I/O等待负载大于50%,0
85,SYS_3,2019-06-15 08:29:53,主机node_94 ping延迟时间持续3分钟大于100ms,0
86,SYS_2,2019-06-15 08:29:53,主机node_7 ping延迟时间持续3分钟大于100ms,0
87,SYS_8,2019-06-15 08:29:53,"主机node_10 空闲CPU为4.74%,持续15分钟小于10%",0
88,SYS_8,2019-06-15 08:29:53,主机node_49 上CPU Steal Time持续5分钟超过10%,0
89,SYS_8,2019-06-15 08:29:53,主机node_49 日志产生ERROR信息,0
90,SYS_3,2019-06-15 08:29:53,"主机node_39 空闲CPU为4.74%,持续15分钟小于10%",0
91,SYS_2,2019-06-15 08:29:53,主机node_8 ping延迟时间持续3分钟大于100ms,0
92,SYS_2,2019-06-15 08:29:53,主机node_99 HTTP:http://*************，慢响应（调用耗时超过1000ms）次数：223次（大于阈值：200次）,0
93,SYS_2,2019-06-15 08:29:53,主机node_18 上I/O等待负载大于50%,0
94,SYS_3,2019-06-15 08:29:54,主机node_28 上I/O等待负载大于50%,0
95,SYS_3,2019-06-15 08:29:54,主机node_3 上I/O等待负载持续15分钟超过10%,0
96,SYS_3,2019-06-15 08:29:54,主机node_97 上I/O等待负载持续15分钟超过10%,0
97,SYS_2,2019-06-15 08:29:54,主机node_21 ping延迟时间持续3分钟大于100ms,0
98,SYS_2,2019-06-15 08:29:54,主机node_55 上I/O等待负载持续15分钟超过10%,0
99,SYS_2,2019-06-15 08:29:54,主机node_37 上CPU Steal Time持续5分钟超过10%,0
100,SYS_6,2019-06-15 08:29:55,主机node_48 日志产生ERROR信息,0
101,SYS_6,2019-06-15 08:29:57,"主机node_59 ping丢包率100%,服务器宕机",0
102,SYS_6,2019-06-15 08:29:58,主机node_35 上I/O等待负载持续15分钟超过10%,0
103,SYS_8,2019-06-15 08:29:59,"主机node_88 ping丢包率100%,服务器宕机",1
104,SYS_4,2019-06-15 08:29:59,主机node_72 网卡eth0 接收流量持续10分钟平均值大于180M,0
105,SYS_1,2019-06-15 08:30:02,主机node_73 分区剩余空间小于阀值10%,0
106,SYS_8,2019-06-15 08:30:03,主机node_84 ping延迟时间持续3分钟大于100ms,0
107,SYS_8,2019-06-15 08:30:03,"主机node_10 空闲CPU为4.74%,持续15分钟小于10%",0
108,SYS_8,2019-06-15 08:30:03,主机node_95 上I/O等待负载大于50%,0
109,SYS_8,2019-06-15 08:30:03,主机node_71 网卡eth0 发送流量持续10分钟平均值大于800M,0
110,SYS_8,2019-06-15 08:30:03,主机node_49 上CPU Steal Time持续5分钟超过10%,0
111,SYS_3,2019-06-15 08:30:04,主机node_97 上I/O等待负载持续15分钟超过10%,0
112,SYS_2,2019-06-15 08:30:04,主机node_21 ping延迟时间持续3分钟大于100ms,0
113,SYS_2,2019-06-15 08:30:04,主机node_55 上I/O等待负载持续15分钟超过10%,0
114,SYS_3,2019-06-15 08:30:04,主机node_3 上I/O等待负载持续15分钟超过10%,0
115,SYS_2,2019-06-15 08:30:04,主机node_37 上CPU Steal Time持续5分钟超过10%,0
116,SYS_3,2019-06-15 08:30:04,主机node_28 上I/O等待负载大于50%,0
117,SYS_3,2019-06-15 08:30:04,主机node_39 端口6060通信异常,0
118,SYS_5,2019-06-15 08:30:07,主机node_38 堆内存平均使用率：94.61%（大于阈值：90%）,0
119,SYS_4,2019-06-15 08:30:08,主机node_36 ping延迟时间持续3分钟大于100ms,0
120,SYS_2,2019-06-15 08:30:08,主机node_8 ping延迟时间持续3分钟大于100ms,0
121,SYS_4,2019-06-15 08:30:09,主机node_13 网卡eth0 接收流量持续10分钟平均值大于300M,0
122,SYS_8,2019-06-15 08:30:09,"主机node_88 ping丢包率100%,服务器宕机",1
123,SYS_9,2019-06-15 08:30:10,主机node_47 JBOSS 8080端口的连接数大于400,0
124,SYS_9,2019-06-15 08:30:12,主机node_66 上CPU Steal Time持续5分钟超过10%,0
125,SYS_8,2019-06-15 08:30:13,主机node_84 ping延迟时间持续3分钟大于100ms,0
126,SYS_2,2019-06-15 08:30:13,主机node_7 ping延迟时间持续3分钟大于100ms,0
127,SYS_8,2019-06-15 08:30:13,"主机node_10 空闲CPU为4.74%,持续15分钟小于10%",0
128,SYS_2,2019-06-15 08:30:13,"主机node_91 空闲CPU为4.74%,持续15分钟小于10%",0
129,SYS_8,2019-06-15 08:30:13,主机node_95 上I/O等待负载大于50%,0
130,SYS_2,2019-06-15 08:30:13,主机node_18 上I/O等待负载大于50%,0
131,SYS_3,2019-06-15 08:30:13,主机node_86 上I/O等待负载持续15分钟超过10%,0
132,SYS_2,2019-06-15 08:30:13,主机node_8 ping延迟时间持续3分钟大于100ms,0
133,SYS_1,2019-06-15 08:30:13,主机node_17 FullGC次数：23次（大于阈值：10次）,0
134,SYS_8,2019-06-15 08:30:13,主机node_49 上CPU Steal Time持续5分钟超过10%,0
135,SYS_6,2019-06-15 08:30:13,主机node_46 **application 停止运行,0
136,SYS_3,2019-06-15 08:30:13,"主机node_39 空闲CPU为4.74%,持续15分钟小于10%",0
137,SYS_2,2019-06-15 08:30:13,主机node_99 HTTP:http://*************，慢响应（调用耗时超过1000ms）次数：223次（大于阈值：200次）,0
138,SYS_3,2019-06-15 08:30:13,主机node_94 ping延迟时间持续3分钟大于100ms,0
139,SYS_2,2019-06-15 08:30:14,主机node_21 ping延迟时间持续3分钟大于100ms,0
140,SYS_3,2019-06-15 08:30:14,主机node_39 端口6060通信异常,0
141,SYS_2,2019-06-15 08:30:14,主机node_37 上CPU Steal Time持续5分钟超过10%,0
142,SYS_2,2019-06-15 08:30:14,主机node_55 上I/O等待负载持续15分钟超过10%,0
143,SYS_3,2019-06-15 08:30:14,主机node_28 上I/O等待负载大于50%,0
144,SYS_3,2019-06-15 08:30:14,主机node_3 上I/O等待负载持续15分钟超过10%,0
145,SYS_3,2019-06-15 08:30:14,主机node_97 上I/O等待负载持续15分钟超过10%,0
146,SYS_4,2019-06-15 08:30:16,主机node_9 日志中有No route to host信息,0
147,SYS_4,2019-06-15 08:30:18,主机node_36 ping延迟时间持续3分钟大于100ms,0
148,SYS_4,2019-06-15 08:30:19,主机node_13 网卡eth0 接收流量持续10分钟平均值大于300M,0
149,SYS_1,2019-06-15 08:30:20,主机node_33 日志产生ERROR信息,0
150,SYS_5,2019-06-15 08:30:20,主机node_2 HTTP:http://*************，慢响应（调用耗时超过1000ms）次数：309次（大于阈值：200次）,0
151,SYS_10,2019-06-15 08:30:22,主机node_96 JBOSS 8080端口的连接数大于400,0
152,SYS_2,2019-06-15 08:30:23,主机node_7 ping延迟时间持续3分钟大于100ms,0
153,SYS_8,2019-06-15 08:30:23,"主机node_10 空闲CPU为4.74%,持续15分钟小于10%",0
154,SYS_2,2019-06-15 08:30:23,主机node_8 ping延迟时间持续3分钟大于100ms,0
155,SYS_2,2019-06-15 08:30:23,"主机node_91 空闲CPU为4.74%,持续15分钟小于10%",0
156,SYS_8,2019-06-15 08:30:23,主机node_95 上I/O等待负载大于50%,0
157,SYS_3,2019-06-15 08:30:23,"主机node_39 空闲CPU为4.74%,持续15分钟小于10%",0
158,SYS_2,2019-06-15 08:30:23,主机node_18 上I/O等待负载大于50%,0
159,SYS_3,2019-06-15 08:30:23,主机node_86 上I/O等待负载持续15分钟超过10%,0
160,SYS_3,2019-06-15 08:30:23,主机node_94 ping延迟时间持续3分钟大于100ms,0
161,SYS_2,2019-06-15 08:30:23,主机node_99 HTTP:http://*************，慢响应（调用耗时超过1000ms）次数：223次（大于阈值：200次）,0
162,SYS_8,2019-06-15 08:30:23,主机node_49 上CPU Steal Time持续5分钟超过10%,0
163,SYS_8,2019-06-15 08:30:23,主机node_84 ping延迟时间持续3分钟大于100ms,0
164,SYS_3,2019-06-15 08:30:24,主机node_3 上I/O等待负载持续15分钟超过10%,0
165,SYS_8,2019-06-15 08:30:24,主机node_79 网卡eth0 发送流量持续30分钟平均值大于700M,0
166,SYS_3,2019-06-15 08:30:24,主机node_28 上I/O等待负载大于50%,0
167,SYS_2,2019-06-15 08:30:24,主机node_55 上I/O等待负载持续15分钟超过10%,0
168,SYS_2,2019-06-15 08:30:24,主机node_21 ping延迟时间持续3分钟大于100ms,0
169,SYS_3,2019-06-15 08:30:24,主机node_97 上I/O等待负载持续15分钟超过10%,0
170,SYS_3,2019-06-15 08:30:24,主机node_39 端口6060通信异常,0
171,SYS_2,2019-06-15 08:30:24,主机node_37 上CPU Steal Time持续5分钟超过10%,0
172,SYS_6,2019-06-15 08:30:27,主机node_25 网卡eth0 发送流量持续30分钟平均值大于700M,0
173,SYS_5,2019-06-15 08:30:29,主机node_14 **application 停止运行,0
174,SYS_7,2019-06-15 08:30:32,主机node_24 FullGC次数：32次（大于阈值：10次）,0
175,SYS_8,2019-06-15 08:30:33,主机node_49 日志产生ERROR信息,0
176,SYS_3,2019-06-15 08:30:34,主机node_28 上I/O等待负载大于50%,0
177,SYS_3,2019-06-15 08:30:34,主机node_39 端口6060通信异常,0
178,SYS_2,2019-06-15 08:30:34,主机node_37 上CPU Steal Time持续5分钟超过10%,0
179,SYS_2,2019-06-15 08:30:34,主机node_21 ping延迟时间持续3分钟大于100ms,0
180,SYS_3,2019-06-15 08:30:34,主机node_3 上I/O等待负载持续15分钟超过10%,0
181,SYS_1,2019-06-15 08:30:34,主机node_58 网卡eth0 接收流量持续10分钟平均值大于180M,0
182,SYS_3,2019-06-15 08:30:34,主机node_97 上I/O等待负载持续15分钟超过10%,0
183,SYS_2,2019-06-15 08:30:34,主机node_55 上I/O等待负载持续15分钟超过10%,0
184,SYS_8,2019-06-15 08:30:35,主机node_87 **application 停止运行,0
185,SYS_8,2019-06-15 08:30:35,主机node_95 日志报错:无法获取连接,0
186,SYS_6,2019-06-15 08:30:37,主机node_25 网卡eth0 发送流量持续30分钟平均值大于700M,0
187,SYS_2,2019-06-15 08:30:37,主机node_91 日志产生ERROR信息,0
188,SYS_8,2019-06-15 08:30:38,主机node_49 Nginx 80端口的连接数大于2000,0
189,SYS_2,2019-06-15 08:30:38,主机node_8 ping延迟时间持续3分钟大于100ms,0
190,SYS_5,2019-06-15 08:30:39,主机node_14 **application 停止运行,0
191,SYS_4,2019-06-15 08:30:39,主机node_13 网卡eth0 接收流量持续10分钟平均值大于300M,0
192,SYS_1,2019-06-15 08:30:40,主机node_33 日志产生ERROR信息,0
193,SYS_8,2019-06-15 08:30:42,主机node_41 分区剩余空间小于阀值10%,0
194,SYS_10,2019-06-15 08:30:42,主机node_96 JBOSS 8080端口的连接数大于400,0
195,SYS_3,2019-06-15 08:30:44,主机node_3 上I/O等待负载持续15分钟超过10%,0
196,SYS_3,2019-06-15 08:30:44,主机node_28 上I/O等待负载大于50%,0
197,SYS_2,2019-06-15 08:30:44,主机node_55 上I/O等待负载持续15分钟超过10%,0
198,SYS_3,2019-06-15 08:30:44,主机node_97 上I/O等待负载持续15分钟超过10%,0
199,SYS_3,2019-06-15 08:30:44,主机node_39 端口6060通信异常,0
200,SYS_2,2019-06-15 08:30:44,主机node_37 上CPU Steal Time持续5分钟超过10%,0
201,SYS_2,2019-06-15 08:30:44,主机node_21 ping延迟时间持续3分钟大于100ms,0
202,SYS_8,2019-06-15 08:30:45,主机node_87 **application 停止运行,0
203,SYS_8,2019-06-15 08:30:46,主机node_43 日志中有OutOfMemoryError信息,0
204,SYS_4,2019-06-15 08:30:46,主机node_9 日志中有No route to host信息,0
205,SYS_2,2019-06-15 08:30:47,主机node_91 日志产生ERROR信息,0
206,SYS_8,2019-06-15 08:30:49,"主机node_88 ping丢包率100%,服务器宕机",1
207,SYS_5,2019-06-15 08:30:50,主机node_2 HTTP:http://*************，慢响应（调用耗时超过1000ms）次数：309次（大于阈值：200次）,0
208,SYS_9,2019-06-15 08:30:50,主机node_47 JBOSS 8080端口的连接数大于400,0
209,SYS_4,2019-06-15 08:30:52,主机node_81 日志产生ERROR信息,0
210,SYS_10,2019-06-15 08:30:52,主机node_90 url:http://node_90:80//访问失败,0
211,SYS_8,2019-06-15 08:30:53,"主机node_10 空闲CPU为4.74%,持续15分钟小于10%",0
212,SYS_8,2019-06-15 08:30:53,主机node_84 ping延迟时间持续3分钟大于100ms,0
213,SYS_8,2019-06-15 08:30:53,主机node_95 上I/O等待负载大于50%,0
214,SYS_8,2019-06-15 08:30:53,主机node_49 上CPU Steal Time持续5分钟超过10%,0
215,SYS_4,2019-06-15 08:30:54,"主机node_5 空闲CPU为1.52%,持续15分钟小于10%",0
216,SYS_8,2019-06-15 08:30:55,主机node_87 **application 停止运行,0
217,SYS_6,2019-06-15 08:30:55,主机node_48 日志产生ERROR信息,0
218,SYS_8,2019-06-15 08:30:56,主机node_43 日志中有OutOfMemoryError信息,0
219,SYS_8,2019-06-15 08:30:58,主机node_49 Nginx 80端口的连接数大于2000,0
220,SYS_8,2019-06-15 08:30:59,"主机node_88 ping丢包率100%,服务器宕机",1
221,SYS_3,2019-06-15 08:30:59,主机node_97 网卡eth0 接收流量持续10分钟平均值大于180M,0
222,SYS_4,2019-06-15 08:30:59,主机node_13 网卡eth0 接收流量持续10分钟平均值大于300M,0
223,SYS_9,2019-06-15 08:31:00,主机node_47 JBOSS 8080端口的连接数大于400,0
224,SYS_10,2019-06-15 08:31:02,主机node_90 url:http://node_90:80//访问失败,0
225,SYS_4,2019-06-15 08:31:02,主机node_81 日志产生ERROR信息,0
226,SYS_8,2019-06-15 08:31:03,主机node_49 上CPU Steal Time持续5分钟超过10%,0
227,SYS_1,2019-06-15 08:31:03,主机node_17 FullGC次数：23次（大于阈值：10次）,0
228,SYS_8,2019-06-15 08:31:03,主机node_95 上I/O等待负载大于50%,0
229,SYS_8,2019-06-15 08:31:03,"主机node_10 空闲CPU为4.74%,持续15分钟小于10%",0
230,SYS_8,2019-06-15 08:31:03,主机node_84 ping延迟时间持续3分钟大于100ms,0
231,SYS_8,2019-06-15 08:31:04,主机node_79 网卡eth0 发送流量持续30分钟平均值大于700M,0
232,SYS_4,2019-06-15 08:31:04,"主机node_5 空闲CPU为1.52%,持续15分钟小于10%",0
233,SYS_3,2019-06-15 08:31:04,主机node_39 端口6060通信异常,0
234,SYS_3,2019-06-15 08:31:05,主机node_94 分区剩余空间小于阀值10%,0
235,SYS_5,2019-06-15 08:31:09,主机node_14 **application 停止运行,0
236,SYS_4,2019-06-15 08:31:09,主机node_13 网卡eth0 接收流量持续10分钟平均值大于300M,0
237,SYS_4,2019-06-15 08:31:09,主机node_72 网卡eth0 接收流量持续10分钟平均值大于180M,0
238,SYS_4,2019-06-15 08:31:10,主机node_19 日志报错:无法获取连接,0
239,SYS_2,2019-06-15 08:31:13,主机node_7 ping延迟时间持续3分钟大于100ms,0
240,SYS_3,2019-06-15 08:31:13,"主机node_39 空闲CPU为4.74%,持续15分钟小于10%",0
241,SYS_2,2019-06-15 08:31:13,主机node_8 ping延迟时间持续3分钟大于100ms,0
242,SYS_1,2019-06-15 08:31:13,主机node_17 FullGC次数：23次（大于阈值：10次）,0
243,SYS_3,2019-06-15 08:31:13,主机node_86 上I/O等待负载持续15分钟超过10%,0
244,SYS_2,2019-06-15 08:31:13,主机node_99 HTTP:http://*************，慢响应（调用耗时超过1000ms）次数：223次（大于阈值：200次）,0
245,SYS_6,2019-06-15 08:31:13,主机node_46 **application 停止运行,0
246,SYS_3,2019-06-15 08:31:13,主机node_94 ping延迟时间持续3分钟大于100ms,0
247,SYS_2,2019-06-15 08:31:13,"主机node_91 空闲CPU为4.74%,持续15分钟小于10%",0
248,SYS_2,2019-06-15 08:31:13,主机node_18 上I/O等待负载大于50%,0
249,SYS_8,2019-06-15 08:31:14,主机node_79 网卡eth0 发送流量持续30分钟平均值大于700M,0
250,SYS_2,2019-06-15 08:31:14,主机node_55 上I/O等待负载持续15分钟超过10%,0
251,SYS_3,2019-06-15 08:31:14,主机node_39 端口6060通信异常,0
252,SYS_2,2019-06-15 08:31:14,主机node_21 ping延迟时间持续3分钟大于100ms,0
253,SYS_3,2019-06-15 08:31:14,主机node_97 上I/O等待负载持续15分钟超过10%,0
254,SYS_3,2019-06-15 08:31:14,主机node_28 上I/O等待负载大于50%,0
255,SYS_2,2019-06-15 08:31:14,主机node_37 上CPU Steal Time持续5分钟超过10%,0
256,SYS_3,2019-06-15 08:31:14,主机node_3 上I/O等待负载持续15分钟超过10%,0
257,SYS_8,2019-06-15 08:31:15,主机node_87 **application 停止运行,0
258,SYS_8,2019-06-15 08:31:16,主机node_95 JBOSS 8080端口的连接数大于400,0
259,SYS_9,2019-06-15 08:31:19,主机node_75 上CPU Steal Time持续5分钟超过10%,0
260,SYS_4,2019-06-15 08:31:19,主机node_13 网卡eth0 接收流量持续10分钟平均值大于300M,0
261,SYS_3,2019-06-15 08:31:20,主机node_28 堆内存平均使用率：94.61%（大于阈值：90%）,0
262,SYS_7,2019-06-15 08:31:22,主机node_24 FullGC次数：32次（大于阈值：10次）,0
263,SYS_5,2019-06-15 08:31:22,主机node_6 日志中有OutOfMemoryError信息,0
264,SYS_4,2019-06-15 08:31:22,主机node_81 日志产生ERROR信息,0
265,SYS_2,2019-06-15 08:31:23,主机node_99 HTTP:http://*************，慢响应（调用耗时超过1000ms）次数：223次（大于阈值：200次）,0
266,SYS_3,2019-06-15 08:31:23,"主机node_39 空闲CPU为4.74%,持续15分钟小于10%",0
267,SYS_2,2019-06-15 08:31:23,主机node_8 ping延迟时间持续3分钟大于100ms,0
268,SYS_2,2019-06-15 08:31:23,主机node_7 ping延迟时间持续3分钟大于100ms,0
269,SYS_5,2019-06-15 08:31:23,主机node_82 **** 请求延时大于5分钟,0
270,SYS_8,2019-06-15 08:31:23,主机node_95 上I/O等待负载大于50%,0
271,SYS_8,2019-06-15 08:31:23,主机node_84 ping延迟时间持续3分钟大于100ms,0
272,SYS_8,2019-06-15 08:31:23,"主机node_10 空闲CPU为4.74%,持续15分钟小于10%",0
273,SYS_2,2019-06-15 08:31:23,"主机node_91 空闲CPU为4.74%,持续15分钟小于10%",0
274,SYS_3,2019-06-15 08:31:23,主机node_94 ping延迟时间持续3分钟大于100ms,0
275,SYS_8,2019-06-15 08:31:23,主机node_49 日志产生ERROR信息,0
276,SYS_2,2019-06-15 08:31:23,主机node_18 上I/O等待负载大于50%,0
277,SYS_8,2019-06-15 08:31:23,主机node_49 上CPU Steal Time持续5分钟超过10%,0
278,SYS_3,2019-06-15 08:31:23,主机node_86 上I/O等待负载持续15分钟超过10%,0
279,SYS_6,2019-06-15 08:31:25,主机node_48 日志产生ERROR信息,0
280,SYS_3,2019-06-15 08:31:25,主机node_94 分区剩余空间小于阀值10%,0
281,SYS_8,2019-06-15 08:31:26,主机node_43 日志中有OutOfMemoryError信息,0
282,SYS_8,2019-06-15 08:31:29,"主机node_88 ping丢包率100%,服务器宕机",1
283,SYS_3,2019-06-15 08:31:30,主机node_94 日志产生ERROR信息,0
284,SYS_10,2019-06-15 08:31:31,"主机node_64 空闲CPU为1.52%,持续15分钟小于10%",0
285,SYS_9,2019-06-15 08:31:32,主机node_66 上CPU Steal Time持续5分钟超过10%,0
286,SYS_8,2019-06-15 08:31:33,主机node_49 上CPU Steal Time持续5分钟超过10%,0
287,SYS_8,2019-06-15 08:31:33,"主机node_10 空闲CPU为4.74%,持续15分钟小于10%",0
288,SYS_8,2019-06-15 08:31:33,主机node_84 ping延迟时间持续3分钟大于100ms,0
289,SYS_8,2019-06-15 08:31:33,主机node_49 日志产生ERROR信息,0
290,SYS_8,2019-06-15 08:31:33,主机node_95 上I/O等待负载大于50%,0
291,SYS_8,2019-06-15 08:31:34,主机node_79 网卡eth0 发送流量持续30分钟平均值大于700M,0
292,SYS_4,2019-06-15 08:31:38,主机node_36 ping延迟时间持续3分钟大于100ms,0
293,SYS_4,2019-06-15 08:31:39,主机node_13 网卡eth0 接收流量持续10分钟平均值大于300M,0
294,SYS_5,2019-06-15 08:31:39,主机node_14 **application 停止运行,0
295,SYS_8,2019-06-15 08:31:39,"主机node_88 ping丢包率100%,服务器宕机",1
296,SYS_4,2019-06-15 08:31:40,主机node_27 网卡eth0 接收流量持续10分钟平均值大于180M,0
297,SYS_5,2019-06-15 08:31:40,主机node_76 分区剩余空间小于阀值10%,0
298,SYS_10,2019-06-15 08:31:42,主机node_96 JBOSS 8080端口的连接数大于400,0
299,SYS_9,2019-06-15 08:31:42,主机node_66 上CPU Steal Time持续5分钟超过10%,0
300,SYS_8,2019-06-15 08:31:43,主机node_84 ping延迟时间持续3分钟大于100ms,0
301,SYS_6,2019-06-15 08:31:43,主机node_46 **application 停止运行,0
302,SYS_8,2019-06-15 08:31:43,主机node_49 上CPU Steal Time持续5分钟超过10%,0
303,SYS_8,2019-06-15 08:31:43,主机node_95 上I/O等待负载大于50%,0
304,SYS_8,2019-06-15 08:31:43,"主机node_10 空闲CPU为4.74%,持续15分钟小于10%",0
305,SYS_5,2019-06-15 08:31:43,主机node_82 **** 请求延时大于5分钟,0
306,SYS_3,2019-06-15 08:31:44,主机node_3 上I/O等待负载持续15分钟超过10%,0
307,SYS_3,2019-06-15 08:31:44,主机node_28 上I/O等待负载大于50%,0
308,SYS_2,2019-06-15 08:31:44,主机node_55 上I/O等待负载持续15分钟超过10%,0
309,SYS_2,2019-06-15 08:31:44,主机node_21 ping延迟时间持续3分钟大于100ms,0
310,SYS_2,2019-06-15 08:31:44,主机node_37 上CPU Steal Time持续5分钟超过10%,0
311,SYS_3,2019-06-15 08:31:44,主机node_97 上I/O等待负载持续15分钟超过10%,0
312,SYS_8,2019-06-15 08:31:45,主机node_87 **application 停止运行,0
313,SYS_7,2019-06-15 08:31:45,主机node_54 sdd IO使用率持续30分钟大于90%,0
314,SYS_3,2019-06-15 08:31:45,主机node_94 分区剩余空间小于阀值10%,0
315,SYS_8,2019-06-15 08:31:47,主机node_88 日志产生ERROR信息,0
316,SYS_4,2019-06-15 08:31:49,主机node_13 网卡eth0 接收流量持续10分钟平均值大于300M,0
317,SYS_8,2019-06-15 08:31:49,"主机node_88 ping丢包率100%,服务器宕机",1
318,SYS_5,2019-06-15 08:31:49,主机node_14 **application 停止运行,0
319,SYS_3,2019-06-15 08:31:50,主机node_97 url:http://node_97:8080访问失败,0
320,SYS_1,2019-06-15 08:31:50,主机node_33 日志产生ERROR信息,0
321,SYS_10,2019-06-15 08:31:52,主机node_90 url:http://node_90:80//访问失败,0
322,SYS_5,2019-06-15 08:31:52,主机node_6 日志中有OutOfMemoryError信息,0
323,SYS_1,2019-06-15 08:31:53,主机node_17 FullGC次数：23次（大于阈值：10次）,0
324,SYS_2,2019-06-15 08:31:53,主机node_7 ping延迟时间持续3分钟大于100ms,0
325,SYS_2,2019-06-15 08:31:53,主机node_18 上I/O等待负载大于50%,0
326,SYS_8,2019-06-15 08:31:53,主机node_95 上I/O等待负载大于50%,0
327,SYS_8,2019-06-15 08:31:53,主机node_49 日志产生ERROR信息,0
328,SYS_8,2019-06-15 08:31:53,"主机node_10 空闲CPU为4.74%,持续15分钟小于10%",0
329,SYS_3,2019-06-15 08:31:53,"主机node_39 空闲CPU为4.74%,持续15分钟小于10%",0
330,SYS_8,2019-06-15 08:31:53,主机node_84 ping延迟时间持续3分钟大于100ms,0
331,SYS_2,2019-06-15 08:31:53,"主机node_91 空闲CPU为4.74%,持续15分钟小于10%",0
332,SYS_2,2019-06-15 08:31:53,主机node_99 HTTP:http://*************，慢响应（调用耗时超过1000ms）次数：223次（大于阈值：200次）,0
333,SYS_3,2019-06-15 08:31:53,主机node_94 ping延迟时间持续3分钟大于100ms,0
334,SYS_8,2019-06-15 08:31:53,主机node_49 上CPU Steal Time持续5分钟超过10%,0
335,SYS_3,2019-06-15 08:31:53,主机node_86 上I/O等待负载持续15分钟超过10%,0
336,SYS_2,2019-06-15 08:31:53,主机node_8 ping延迟时间持续3分钟大于100ms,0
337,SYS_8,2019-06-15 08:31:54,主机node_79 网卡eth0 发送流量持续30分钟平均值大于700M,0
338,SYS_2,2019-06-15 08:31:54,主机node_37 上CPU Steal Time持续5分钟超过10%,0
339,SYS_3,2019-06-15 08:31:54,主机node_97 上I/O等待负载持续15分钟超过10%,0
340,SYS_2,2019-06-15 08:31:54,主机node_21 ping延迟时间持续3分钟大于100ms,0
341,SYS_2,2019-06-15 08:31:54,主机node_55 上I/O等待负载持续15分钟超过10%,0
342,SYS_3,2019-06-15 08:31:54,主机node_28 上I/O等待负载大于50%,0
343,SYS_3,2019-06-15 08:31:54,主机node_3 上I/O等待负载持续15分钟超过10%,0
344,SYS_6,2019-06-15 08:31:55,主机node_48 日志产生ERROR信息,0
345,SYS_2,2019-06-15 08:31:55,主机node_37 ping延迟时间持续3分钟大于100ms,0
346,SYS_8,2019-06-15 08:31:56,主机node_43 日志中有OutOfMemoryError信息,0
347,SYS_2,2019-06-15 08:31:56,"主机node_91 空闲CPU为1.52%,持续15分钟小于10%",0
348,SYS_6,2019-06-15 08:31:57,"主机node_59 ping丢包率100%,服务器宕机",0
349,SYS_5,2019-06-15 08:31:57,主机node_38 堆内存平均使用率：94.61%（大于阈值：90%）,0
350,SYS_2,2019-06-15 08:31:57,主机node_91 日志产生ERROR信息,0
351,SYS_4,2019-06-15 08:31:58,主机node_36 ping延迟时间持续3分钟大于100ms,0
352,SYS_2,2019-06-15 08:31:59,主机node_21 **application 停止运行,0
353,SYS_6,2019-06-15 08:31:59,主机node_98 ping丢包率当前值为25%，持续2分钟平均大于20%,0
354,SYS_9,2019-06-15 08:32:00,主机node_47 JBOSS 8080端口的连接数大于400,0
355,SYS_1,2019-06-15 08:32:00,主机node_33 日志产生ERROR信息,0
356,SYS_4,2019-06-15 08:32:02,主机node_77 上CPU Steal Time持续5分钟超过10%,0
357,SYS_10,2019-06-15 08:32:02,主机node_96 JBOSS 8080端口的连接数大于400,0
358,SYS_1,2019-06-15 08:32:03,主机node_17 FullGC次数：23次（大于阈值：10次）,0
359,SYS_8,2019-06-15 08:32:03,主机node_71 网卡eth0 发送流量持续10分钟平均值大于800M,0
360,SYS_3,2019-06-15 08:32:04,主机node_39 端口6060通信异常,0
361,SYS_3,2019-06-15 08:32:05,主机node_94 分区剩余空间小于阀值10%,0
362,SYS_9,2019-06-15 08:32:09,主机node_75 上CPU Steal Time持续5分钟超过10%,0
363,SYS_4,2019-06-15 08:32:09,主机node_13 网卡eth0 接收流量持续10分钟平均值大于300M,0
364,SYS_3,2019-06-15 08:32:10,主机node_86 网卡流量unknown,0
365,SYS_8,2019-06-15 08:32:11,"主机node_84 ping丢包率100%,服务器宕机",0
366,SYS_3,2019-06-15 08:32:13,"主机node_39 空闲CPU为4.74%,持续15分钟小于10%",0
367,SYS_2,2019-06-15 08:32:13,主机node_8 ping延迟时间持续3分钟大于100ms,0
368,SYS_3,2019-06-15 08:32:13,主机node_94 ping延迟时间持续3分钟大于100ms,0
369,SYS_2,2019-06-15 08:32:13,主机node_99 HTTP:http://*************，慢响应（调用耗时超过1000ms）次数：223次（大于阈值：200次）,0
370,SYS_2,2019-06-15 08:32:13,"主机node_91 空闲CPU为4.74%,持续15分钟小于10%",0
371,SYS_8,2019-06-15 08:32:13,主机node_49 上CPU Steal Time持续5分钟超过10%,0
372,SYS_8,2019-06-15 08:32:13,主机node_84 ping延迟时间持续3分钟大于100ms,0
373,SYS_8,2019-06-15 08:32:13,"主机node_10 空闲CPU为4.74%,持续15分钟小于10%",0
374,SYS_3,2019-06-15 08:32:13,主机node_86 上I/O等待负载持续15分钟超过10%,0
375,SYS_2,2019-06-15 08:32:13,主机node_7 ping延迟时间持续3分钟大于100ms,0
376,SYS_2,2019-06-15 08:32:13,主机node_18 上I/O等待负载大于50%,0
377,SYS_8,2019-06-15 08:32:13,主机node_95 上I/O等待负载大于50%,0
378,SYS_2,2019-06-15 08:32:14,主机node_55 上I/O等待负载持续15分钟超过10%,0
379,SYS_2,2019-06-15 08:32:14,主机node_37 上CPU Steal Time持续5分钟超过10%,0
380,SYS_3,2019-06-15 08:32:14,主机node_28 上I/O等待负载大于50%,0
381,SYS_2,2019-06-15 08:32:14,主机node_21 ping延迟时间持续3分钟大于100ms,0
382,SYS_3,2019-06-15 08:32:14,主机node_3 上I/O等待负载持续15分钟超过10%,0
383,SYS_3,2019-06-15 08:32:14,主机node_97 上I/O等待负载持续15分钟超过10%,0
384,SYS_4,2019-06-15 08:32:16,主机node_9 日志中有No route to host信息,0
385,SYS_6,2019-06-15 08:32:17,主机node_25 网卡eth0 发送流量持续30分钟平均值大于700M,0
386,SYS_8,2019-06-15 08:32:17,主机node_88 日志产生ERROR信息,0
387,SYS_4,2019-06-15 08:32:18,主机node_36 ping延迟时间持续3分钟大于100ms,0
388,SYS_8,2019-06-15 08:32:19,"主机node_88 ping丢包率100%,服务器宕机",1
389,SYS_4,2019-06-15 08:32:20,主机node_19 日志报错:无法获取连接,0
390,SYS_3,2019-06-15 08:32:24,主机node_3 上I/O等待负载持续15分钟超过10%,0
391,SYS_3,2019-06-15 08:32:24,主机node_97 上I/O等待负载持续15分钟超过10%,0
392,SYS_2,2019-06-15 08:32:24,主机node_21 ping延迟时间持续3分钟大于100ms,0
393,SYS_2,2019-06-15 08:32:24,主机node_37 上CPU Steal Time持续5分钟超过10%,0
394,SYS_2,2019-06-15 08:32:24,主机node_55 上I/O等待负载持续15分钟超过10%,0
395,SYS_3,2019-06-15 08:32:24,主机node_28 上I/O等待负载大于50%,0
396,SYS_5,2019-06-15 08:32:29,主机node_14 **application 停止运行,0
397,SYS_5,2019-06-15 08:32:30,主机node_2 HTTP:http://*************，慢响应（调用耗时超过1000ms）次数：309次（大于阈值：200次）,0
398,SYS_1,2019-06-15 08:32:32,主机node_73 分区剩余空间小于阀值10%,0
399,SYS_1,2019-06-15 08:32:33,主机node_17 FullGC次数：23次（大于阈值：10次）,0
400,SYS_8,2019-06-15 08:32:37,主机node_88 日志产生ERROR信息,0
401,SYS_4,2019-06-15 08:32:40,主机node_19 日志报错:无法获取连接,0
402,SYS_4,2019-06-15 08:32:42,主机node_77 上CPU Steal Time持续5分钟超过10%,0
403,SYS_5,2019-06-15 08:32:42,主机node_6 日志中有OutOfMemoryError信息,0
404,SYS_8,2019-06-15 08:32:43,主机node_84 ping延迟时间持续3分钟大于100ms,0
405,SYS_8,2019-06-15 08:32:43,主机node_49 上CPU Steal Time持续5分钟超过10%,0
406,SYS_8,2019-06-15 08:32:43,主机node_95 上I/O等待负载大于50%,0
407,SYS_5,2019-06-15 08:32:43,主机node_82 **** 请求延时大于5分钟,0
408,SYS_1,2019-06-15 08:32:43,主机node_17 FullGC次数：23次（大于阈值：10次）,0
409,SYS_6,2019-06-15 08:32:43,主机node_46 **application 停止运行,0
410,SYS_8,2019-06-15 08:32:43,"主机node_10 空闲CPU为4.74%,持续15分钟小于10%",0
411,SYS_2,2019-06-15 08:32:44,主机node_37 上CPU Steal Time持续5分钟超过10%,0
412,SYS_2,2019-06-15 08:32:44,主机node_55 上I/O等待负载持续15分钟超过10%,0
413,SYS_2,2019-06-15 08:32:44,主机node_21 ping延迟时间持续3分钟大于100ms,0
414,SYS_3,2019-06-15 08:32:44,主机node_97 上I/O等待负载持续15分钟超过10%,0
415,SYS_3,2019-06-15 08:32:44,主机node_3 上I/O等待负载持续15分钟超过10%,0
416,SYS_3,2019-06-15 08:32:44,主机node_28 上I/O等待负载大于50%,0
417,SYS_3,2019-06-15 08:32:45,主机node_94 分区剩余空间小于阀值10%,0
418,SYS_2,2019-06-15 08:32:46,"主机node_91 空闲CPU为1.52%,持续15分钟小于10%",0
419,SYS_8,2019-06-15 08:32:48,主机node_49 Nginx 80端口的连接数大于2000,0
420,SYS_4,2019-06-15 08:32:48,主机node_36 ping延迟时间持续3分钟大于100ms,0
421,SYS_4,2019-06-15 08:32:50,主机node_19 日志报错:无法获取连接,0
422,SYS_1,2019-06-15 08:32:50,主机node_33 日志产生ERROR信息,0
423,SYS_5,2019-06-15 08:32:52,主机node_65 Nginx 80端口的连接数大于2000,0
424,SYS_7,2019-06-15 08:32:52,主机node_24 FullGC次数：32次（大于阈值：10次）,0
425,SYS_9,2019-06-15 08:32:52,主机node_66 上CPU Steal Time持续5分钟超过10%,0
426,SYS_3,2019-06-15 08:32:53,主机node_94 ping延迟时间持续3分钟大于100ms,0
427,SYS_8,2019-06-15 08:32:53,主机node_49 日志产生ERROR信息,0
428,SYS_2,2019-06-15 08:32:53,主机node_99 HTTP:http://*************，慢响应（调用耗时超过1000ms）次数：223次（大于阈值：200次）,0
429,SYS_2,2019-06-15 08:32:53,主机node_8 ping延迟时间持续3分钟大于100ms,0
430,SYS_2,2019-06-15 08:32:53,主机node_18 上I/O等待负载大于50%,0
431,SYS_2,2019-06-15 08:32:53,"主机node_91 空闲CPU为4.74%,持续15分钟小于10%",0
432,SYS_3,2019-06-15 08:32:53,主机node_86 上I/O等待负载持续15分钟超过10%,0
433,SYS_2,2019-06-15 08:32:53,主机node_7 ping延迟时间持续3分钟大于100ms,0
434,SYS_3,2019-06-15 08:32:53,"主机node_39 空闲CPU为4.74%,持续15分钟小于10%",0
435,SYS_3,2019-06-15 08:32:55,主机node_94 分区剩余空间小于阀值10%,0
436,SYS_5,2019-06-15 08:32:57,主机node_38 堆内存平均使用率：94.61%（大于阈值：90%）,0
437,SYS_6,2019-06-15 08:32:57,主机node_25 网卡eth0 发送流量持续30分钟平均值大于700M,0
438,SYS_8,2019-06-15 08:32:57,主机node_88 上CPU Steal Time持续5分钟超过10%,0
439,SYS_4,2019-06-15 08:32:58,主机node_36 ping延迟时间持续3分钟大于100ms,0
440,SYS_3,2019-06-15 08:33:00,主机node_28 堆内存平均使用率：94.61%（大于阈值：90%）,0
441,SYS_3,2019-06-15 08:33:02,主机node_86 日志中有OutOfMemoryError信息,0
442,SYS_10,2019-06-15 08:33:02,主机node_96 JBOSS 8080端口的连接数大于400,0
443,SYS_9,2019-06-15 08:33:02,主机node_66 上CPU Steal Time持续5分钟超过10%,0
444,SYS_2,2019-06-15 08:33:03,"主机node_91 空闲CPU为4.74%,持续15分钟小于10%",0
445,SYS_3,2019-06-15 08:33:03,"主机node_39 空闲CPU为4.74%,持续15分钟小于10%",0
446,SYS_10,2019-06-15 08:33:03,"主机node_29 ping丢包率100%,服务器宕机",0
447,SYS_2,2019-06-15 08:33:03,主机node_7 ping延迟时间持续3分钟大于100ms,0
448,SYS_3,2019-06-15 08:33:03,主机node_86 上I/O等待负载持续15分钟超过10%,0
449,SYS_2,2019-06-15 08:33:03,主机node_8 ping延迟时间持续3分钟大于100ms,0
450,SYS_2,2019-06-15 08:33:03,主机node_18 上I/O等待负载大于50%,0
451,SYS_2,2019-06-15 08:33:03,主机node_99 HTTP:http://*************，慢响应（调用耗时超过1000ms）次数：223次（大于阈值：200次）,0
452,SYS_6,2019-06-15 08:33:03,主机node_46 **application 停止运行,0
453,SYS_3,2019-06-15 08:33:03,主机node_94 ping延迟时间持续3分钟大于100ms,0
454,SYS_3,2019-06-15 08:33:04,主机node_28 上I/O等待负载大于50%,0
455,SYS_2,2019-06-15 08:33:04,主机node_55 上I/O等待负载持续15分钟超过10%,0
456,SYS_2,2019-06-15 08:33:04,主机node_21 ping延迟时间持续3分钟大于100ms,0
457,SYS_2,2019-06-15 08:33:04,主机node_37 上CPU Steal Time持续5分钟超过10%,0
458,SYS_3,2019-06-15 08:33:04,主机node_97 上I/O等待负载持续15分钟超过10%,0
459,SYS_3,2019-06-15 08:33:04,主机node_3 上I/O等待负载持续15分钟超过10%,0
460,SYS_8,2019-06-15 08:33:06,主机node_43 日志中有OutOfMemoryError信息,0
461,SYS_2,2019-06-15 08:33:07,主机node_91 日志产生ERROR信息,0
462,SYS_5,2019-06-15 08:33:07,主机node_38 堆内存平均使用率：94.61%（大于阈值：90%）,0
463,SYS_8,2019-06-15 08:33:09,"主机node_88 ping丢包率100%,服务器宕机",1
464,SYS_5,2019-06-15 08:33:09,主机node_14 **application 停止运行,0
465,SYS_4,2019-06-15 08:33:09,主机node_72 网卡eth0 接收流量持续10分钟平均值大于180M,0
466,SYS_10,2019-06-15 08:33:12,主机node_90 url:http://node_90:80//访问失败,0
467,SYS_9,2019-06-15 08:33:12,主机node_66 上CPU Steal Time持续5分钟超过10%,0
468,SYS_8,2019-06-15 08:33:13,主机node_84 ping延迟时间持续3分钟大于100ms,0
469,SYS_8,2019-06-15 08:33:13,"主机node_10 空闲CPU为4.74%,持续15分钟小于10%",0
470,SYS_8,2019-06-15 08:33:13,主机node_95 上I/O等待负载大于50%,0
471,SYS_2,2019-06-15 08:33:13,主机node_7 端口6060通信异常,0
472,SYS_8,2019-06-15 08:33:13,主机node_49 上CPU Steal Time持续5分钟超过10%,0
473,SYS_3,2019-06-15 08:33:14,主机node_97 上I/O等待负载持续15分钟超过10%,0
474,SYS_2,2019-06-15 08:33:14,主机node_37 上CPU Steal Time持续5分钟超过10%,0
475,SYS_3,2019-06-15 08:33:14,主机node_3 上I/O等待负载持续15分钟超过10%,0
476,SYS_2,2019-06-15 08:33:14,主机node_21 ping延迟时间持续3分钟大于100ms,0
477,SYS_3,2019-06-15 08:33:14,主机node_28 上I/O等待负载大于50%,0
478,SYS_2,2019-06-15 08:33:14,主机node_55 上I/O等待负载持续15分钟超过10%,0
479,SYS_7,2019-06-15 08:33:15,主机node_54 sdd IO使用率持续30分钟大于90%,0
480,SYS_3,2019-06-15 08:33:15,主机node_94 分区剩余空间小于阀值10%,0
481,SYS_8,2019-06-15 08:33:16,主机node_43 日志中有OutOfMemoryError信息,0
482,SYS_5,2019-06-15 08:33:17,主机node_38 堆内存平均使用率：94.61%（大于阈值：90%）,0
483,SYS_8,2019-06-15 08:33:17,主机node_88 上CPU Steal Time持续5分钟超过10%,0
484,SYS_4,2019-06-15 08:33:18,主机node_36 ping延迟时间持续3分钟大于100ms,0
485,SYS_9,2019-06-15 08:33:19,主机node_75 上CPU Steal Time持续5分钟超过10%,0
486,SYS_6,2019-06-15 08:33:19,主机node_98 ping丢包率当前值为25%，持续2分钟平均大于20%,0
487,SYS_5,2019-06-15 08:33:19,主机node_14 **application 停止运行,0
488,SYS_8,2019-06-15 08:33:19,"主机node_88 ping丢包率100%,服务器宕机",1
489,SYS_4,2019-06-15 08:33:19,主机node_13 网卡eth0 接收流量持续10分钟平均值大于300M,0
490,SYS_3,2019-06-15 08:33:20,主机node_28 堆内存平均使用率：94.61%（大于阈值：90%）,0
491,SYS_9,2019-06-15 08:33:20,主机node_47 JBOSS 8080端口的连接数大于400,0
492,SYS_3,2019-06-15 08:33:20,主机node_97 url:http://node_97:8080访问失败,0
493,SYS_4,2019-06-15 08:33:22,主机node_81 日志产生ERROR信息,0
494,SYS_8,2019-06-15 08:33:23,主机node_71 网卡eth0 发送流量持续10分钟平均值大于800M,0
495,SYS_8,2019-06-15 08:33:23,主机node_95 上I/O等待负载大于50%,0
496,SYS_2,2019-06-15 08:33:23,"主机node_91 空闲CPU为4.74%,持续15分钟小于10%",0
497,SYS_3,2019-06-15 08:33:23,主机node_94 ping延迟时间持续3分钟大于100ms,0
498,SYS_8,2019-06-15 08:33:23,主机node_49 上CPU Steal Time持续5分钟超过10%,0
499,SYS_8,2019-06-15 08:33:23,"主机node_10 空闲CPU为4.74%,持续15分钟小于10%",0
500,SYS_8,2019-06-15 08:33:23,主机node_84 ping延迟时间持续3分钟大于100ms,0
501,SYS_2,2019-06-15 08:33:23,主机node_99 HTTP:http://*************，慢响应（调用耗时超过1000ms）次数：223次（大于阈值：200次）,0
502,SYS_2,2019-06-15 08:33:23,主机node_7 ping延迟时间持续3分钟大于100ms,0
503,SYS_2,2019-06-15 08:33:23,主机node_18 上I/O等待负载大于50%,0
504,SYS_2,2019-06-15 08:33:23,主机node_8 ping延迟时间持续3分钟大于100ms,0
505,SYS_3,2019-06-15 08:33:23,"主机node_39 空闲CPU为4.74%,持续15分钟小于10%",0
506,SYS_3,2019-06-15 08:33:23,主机node_86 上I/O等待负载持续15分钟超过10%,0
507,SYS_1,2019-06-15 08:33:23,主机node_17 FullGC次数：23次（大于阈值：10次）,0
508,SYS_2,2019-06-15 08:33:24,主机node_21 ping延迟时间持续3分钟大于100ms,0
509,SYS_3,2019-06-15 08:33:24,主机node_3 上I/O等待负载持续15分钟超过10%,0
510,SYS_2,2019-06-15 08:33:24,主机node_55 上I/O等待负载持续15分钟超过10%,0
511,SYS_3,2019-06-15 08:33:24,主机node_28 上I/O等待负载大于50%,0
512,SYS_3,2019-06-15 08:33:24,主机node_97 上I/O等待负载持续15分钟超过10%,0
513,SYS_2,2019-06-15 08:33:24,主机node_37 上CPU Steal Time持续5分钟超过10%,0
514,SYS_8,2019-06-15 08:33:25,主机node_95 日志报错:无法获取连接,0
515,SYS_6,2019-06-15 08:33:28,主机node_35 上I/O等待负载持续15分钟超过10%,0
516,SYS_8,2019-06-15 08:33:29,"主机node_88 ping丢包率100%,服务器宕机",1
517,SYS_4,2019-06-15 08:33:29,主机node_72 网卡eth0 接收流量持续10分钟平均值大于180M,0
518,SYS_8,2019-06-15 08:33:32,主机node_41 分区剩余空间小于阀值10%,0
519,SYS_8,2019-06-15 08:33:33,主机node_84 ping延迟时间持续3分钟大于100ms,0
520,SYS_8,2019-06-15 08:33:33,"主机node_10 空闲CPU为4.74%,持续15分钟小于10%",0
521,SYS_8,2019-06-15 08:33:33,主机node_95 上I/O等待负载大于50%,0
522,SYS_8,2019-06-15 08:33:33,主机node_49 上CPU Steal Time持续5分钟超过10%,0
523,SYS_2,2019-06-15 08:33:33,主机node_8 ping延迟时间持续3分钟大于100ms,0
524,SYS_2,2019-06-15 08:33:33,主机node_99 HTTP:http://*************，慢响应（调用耗时超过1000ms）次数：223次（大于阈值：200次）,0
525,SYS_3,2019-06-15 08:33:33,"主机node_39 空闲CPU为4.74%,持续15分钟小于10%",0
526,SYS_3,2019-06-15 08:33:33,主机node_94 ping延迟时间持续3分钟大于100ms,0
527,SYS_2,2019-06-15 08:33:33,主机node_7 ping延迟时间持续3分钟大于100ms,0
528,SYS_3,2019-06-15 08:33:33,主机node_86 上I/O等待负载持续15分钟超过10%,0
529,SYS_2,2019-06-15 08:33:33,"主机node_91 空闲CPU为4.74%,持续15分钟小于10%",0
530,SYS_2,2019-06-15 08:33:33,主机node_18 上I/O等待负载大于50%,0
531,SYS_8,2019-06-15 08:33:35,主机node_95 日志报错:无法获取连接,0
532,SYS_6,2019-06-15 08:33:37,主机node_25 网卡eth0 发送流量持续30分钟平均值大于700M,0
533,SYS_8,2019-06-15 08:33:38,主机node_49 Nginx 80端口的连接数大于2000,0
534,SYS_8,2019-06-15 08:33:39,"主机node_88 ping丢包率100%,服务器宕机",1
535,SYS_4,2019-06-15 08:33:40,主机node_19 日志报错:无法获取连接,0
536,SYS_3,2019-06-15 08:33:40,主机node_94 日志产生ERROR信息,0
537,SYS_3,2019-06-15 08:33:40,主机node_28 堆内存平均使用率：94.61%（大于阈值：90%）,0
538,SYS_2,2019-06-15 08:33:42,主机node_18 上CPU Steal Time持续5分钟超过10%,0
539,SYS_2,2019-06-15 08:33:43,主机node_7 ping延迟时间持续3分钟大于100ms,0
540,SYS_2,2019-06-15 08:33:43,主机node_99 HTTP:http://*************，慢响应（调用耗时超过1000ms）次数：223次（大于阈值：200次）,0
541,SYS_2,2019-06-15 08:33:43,"主机node_91 空闲CPU为4.74%,持续15分钟小于10%",0
542,SYS_2,2019-06-15 08:33:43,主机node_8 ping延迟时间持续3分钟大于100ms,0
543,SYS_3,2019-06-15 08:33:43,"主机node_39 空闲CPU为4.74%,持续15分钟小于10%",0
544,SYS_3,2019-06-15 08:33:43,主机node_94 ping延迟时间持续3分钟大于100ms,0
545,SYS_2,2019-06-15 08:33:43,主机node_18 上I/O等待负载大于50%,0
546,SYS_3,2019-06-15 08:33:43,主机node_86 上I/O等待负载持续15分钟超过10%,0
547,SYS_6,2019-06-15 08:33:45,主机node_48 日志产生ERROR信息,0
548,SYS_3,2019-06-15 08:33:45,主机node_94 分区剩余空间小于阀值10%,0
549,SYS_8,2019-06-15 08:33:47,主机node_88 日志产生ERROR信息,0
550,SYS_4,2019-06-15 08:33:50,主机node_19 日志报错:无法获取连接,0
551,SYS_8,2019-06-15 08:33:53,"主机node_10 空闲CPU为4.74%,持续15分钟小于10%",0
552,SYS_8,2019-06-15 08:33:53,主机node_84 ping延迟时间持续3分钟大于100ms,0
553,SYS_8,2019-06-15 08:33:53,主机node_95 上I/O等待负载大于50%,0
554,SYS_8,2019-06-15 08:33:53,主机node_49 上CPU Steal Time持续5分钟超过10%,0
555,SYS_2,2019-06-15 08:33:54,主机node_55 上I/O等待负载持续15分钟超过10%,0
556,SYS_3,2019-06-15 08:33:54,主机node_28 上I/O等待负载大于50%,0
557,SYS_3,2019-06-15 08:33:54,主机node_97 上I/O等待负载持续15分钟超过10%,0
558,SYS_3,2019-06-15 08:33:54,主机node_3 上I/O等待负载持续15分钟超过10%,0
559,SYS_2,2019-06-15 08:33:54,主机node_37 上CPU Steal Time持续5分钟超过10%,0
560,SYS_2,2019-06-15 08:33:54,主机node_21 ping延迟时间持续3分钟大于100ms,0
561,SYS_2,2019-06-15 08:33:59,主机node_21 **application 停止运行,0
562,SYS_3,2019-06-15 08:34:01,主机node_39 ping延迟时间持续3分钟大于100ms,0
563,SYS_9,2019-06-15 08:34:02,主机node_66 上CPU Steal Time持续5分钟超过10%,0
564,SYS_8,2019-06-15 08:34:03,"主机node_10 空闲CPU为4.74%,持续15分钟小于10%",0
565,SYS_8,2019-06-15 08:34:03,主机node_84 ping延迟时间持续3分钟大于100ms,0
566,SYS_8,2019-06-15 08:34:03,主机node_95 上I/O等待负载大于50%,0
567,SYS_8,2019-06-15 08:34:03,主机node_49 上CPU Steal Time持续5分钟超过10%,0
568,SYS_2,2019-06-15 08:34:04,主机node_55 上I/O等待负载持续15分钟超过10%,0
569,SYS_3,2019-06-15 08:34:04,主机node_28 上I/O等待负载大于50%,0
570,SYS_3,2019-06-15 08:34:04,主机node_97 上I/O等待负载持续15分钟超过10%,0
571,SYS_2,2019-06-15 08:34:04,主机node_37 上CPU Steal Time持续5分钟超过10%,0
572,SYS_2,2019-06-15 08:34:04,主机node_21 ping延迟时间持续3分钟大于100ms,0
573,SYS_3,2019-06-15 08:34:04,主机node_3 上I/O等待负载持续15分钟超过10%,0
574,SYS_2,2019-06-15 08:34:05,主机node_99 上I/O等待负载大于50%,0
575,SYS_8,2019-06-15 08:34:05,主机node_87 **application 停止运行,0
576,SYS_4,2019-06-15 08:34:08,主机node_36 ping延迟时间持续3分钟大于100ms,0
577,SYS_5,2019-06-15 08:34:09,主机node_14 **application 停止运行,0
578,SYS_3,2019-06-15 08:34:09,主机node_97 网卡eth0 接收流量持续10分钟平均值大于180M,0
579,SYS_5,2019-06-15 08:34:10,主机node_2 HTTP:http://*************，慢响应（调用耗时超过1000ms）次数：309次（大于阈值：200次）,0
580,SYS_10,2019-06-15 08:34:12,主机node_90 url:http://node_90:80//访问失败,0
581,SYS_4,2019-06-15 08:34:12,主机node_81 日志产生ERROR信息,0
582,SYS_1,2019-06-15 08:34:13,主机node_17 FullGC次数：23次（大于阈值：10次）,0
583,SYS_2,2019-06-15 08:34:16,"主机node_91 空闲CPU为1.52%,持续15分钟小于10%",0
584,SYS_8,2019-06-15 08:34:17,主机node_88 日志产生ERROR信息,0
585,SYS_5,2019-06-15 08:34:19,主机node_14 **application 停止运行,0
586,SYS_4,2019-06-15 08:34:19,主机node_13 网卡eth0 接收流量持续10分钟平均值大于300M,0
587,SYS_8,2019-06-15 08:34:19,"主机node_88 ping丢包率100%,服务器宕机",1
588,SYS_2,2019-06-15 08:34:19,主机node_21 **application 停止运行,0
589,SYS_3,2019-06-15 08:34:19,主机node_97 网卡eth0 接收流量持续10分钟平均值大于180M,0
590,SYS_3,2019-06-15 08:34:20,主机node_86 网卡流量unknown,0
591,SYS_4,2019-06-15 08:34:20,主机node_19 日志报错:无法获取连接,0
592,SYS_10,2019-06-15 08:34:22,主机node_96 JBOSS 8080端口的连接数大于400,0
593,SYS_7,2019-06-15 08:34:22,主机node_51 硬盘Slot 00状态为Failed,0
594,SYS_8,2019-06-15 08:34:23,主机node_95 上I/O等待负载大于50%,0
595,SYS_8,2019-06-15 08:34:23,"主机node_10 空闲CPU为4.74%,持续15分钟小于10%",0
596,SYS_8,2019-06-15 08:34:23,主机node_49 上CPU Steal Time持续5分钟超过10%,0
597,SYS_8,2019-06-15 08:34:23,主机node_84 ping延迟时间持续3分钟大于100ms,0
598,SYS_2,2019-06-15 08:34:24,主机node_37 上CPU Steal Time持续5分钟超过10%,0
599,SYS_3,2019-06-15 08:34:24,主机node_28 上I/O等待负载大于50%,0
600,SYS_3,2019-06-15 08:34:24,主机node_3 上I/O等待负载持续15分钟超过10%,0
601,SYS_2,2019-06-15 08:34:24,主机node_21 ping延迟时间持续3分钟大于100ms,0
602,SYS_2,2019-06-15 08:34:24,主机node_55 上I/O等待负载持续15分钟超过10%,0
603,SYS_3,2019-06-15 08:34:24,主机node_97 上I/O等待负载持续15分钟超过10%,0
604,SYS_6,2019-06-15 08:34:25,主机node_48 日志产生ERROR信息,0
605,SYS_3,2019-06-15 08:34:25,主机node_94 分区剩余空间小于阀值10%,0
606,SYS_4,2019-06-15 08:34:29,主机node_72 网卡eth0 接收流量持续10分钟平均值大于180M,0
607,SYS_4,2019-06-15 08:34:29,主机node_13 网卡eth0 接收流量持续10分钟平均值大于300M,0
608,SYS_8,2019-06-15 08:34:29,"主机node_88 ping丢包率100%,服务器宕机",1
609,SYS_6,2019-06-15 08:34:29,主机node_98 ping丢包率当前值为25%，持续2分钟平均大于20%,0
610,SYS_9,2019-06-15 08:34:29,主机node_78 网卡eth0 接收流量持续10分钟平均值大于300M,0
611,SYS_3,2019-06-15 08:34:31,主机node_39 ping延迟时间持续3分钟大于100ms,0
612,SYS_4,2019-06-15 08:34:32,主机node_81 日志产生ERROR信息,0
613,SYS_3,2019-06-15 08:34:33,主机node_86 上I/O等待负载持续15分钟超过10%,0
614,SYS_8,2019-06-15 08:34:33,主机node_95 上I/O等待负载大于50%,0
615,SYS_8,2019-06-15 08:34:33,主机node_71 网卡eth0 发送流量持续10分钟平均值大于800M,0
616,SYS_3,2019-06-15 08:34:33,主机node_94 ping延迟时间持续3分钟大于100ms,0
617,SYS_8,2019-06-15 08:34:33,"主机node_10 空闲CPU为4.74%,持续15分钟小于10%",0
618,SYS_2,2019-06-15 08:34:33,主机node_8 ping延迟时间持续3分钟大于100ms,0
619,SYS_2,2019-06-15 08:34:33,"主机node_91 空闲CPU为4.74%,持续15分钟小于10%",0
620,SYS_3,2019-06-15 08:34:33,"主机node_39 空闲CPU为4.74%,持续15分钟小于10%",0
621,SYS_8,2019-06-15 08:34:33,主机node_84 ping延迟时间持续3分钟大于100ms,0
622,SYS_2,2019-06-15 08:34:33,主机node_99 HTTP:http://*************，慢响应（调用耗时超过1000ms）次数：223次（大于阈值：200次）,0
623,SYS_8,2019-06-15 08:34:33,主机node_49 上CPU Steal Time持续5分钟超过10%,0
624,SYS_2,2019-06-15 08:34:33,主机node_18 上I/O等待负载大于50%,0
625,SYS_2,2019-06-15 08:34:33,主机node_7 ping延迟时间持续3分钟大于100ms,0
626,SYS_2,2019-06-15 08:34:34,主机node_37 上CPU Steal Time持续5分钟超过10%,0
627,SYS_1,2019-06-15 08:34:34,主机node_58 网卡eth0 接收流量持续10分钟平均值大于180M,0
628,SYS_3,2019-06-15 08:34:34,主机node_28 上I/O等待负载大于50%,0
629,SYS_2,2019-06-15 08:34:34,主机node_21 ping延迟时间持续3分钟大于100ms,0
630,SYS_2,2019-06-15 08:34:34,主机node_55 上I/O等待负载持续15分钟超过10%,0
631,SYS_3,2019-06-15 08:34:34,主机node_97 上I/O等待负载持续15分钟超过10%,0
632,SYS_3,2019-06-15 08:34:34,主机node_3 上I/O等待负载持续15分钟超过10%,0
633,SYS_8,2019-06-15 08:34:36,主机node_43 日志中有OutOfMemoryError信息,0
634,SYS_5,2019-06-15 08:34:37,主机node_38 堆内存平均使用率：94.61%（大于阈值：90%）,0
635,SYS_4,2019-06-15 08:34:38,主机node_36 ping延迟时间持续3分钟大于100ms,0
636,SYS_8,2019-06-15 08:34:39,"主机node_88 ping丢包率100%,服务器宕机",1
637,SYS_3,2019-06-15 08:34:40,主机node_86 网卡流量unknown,0
638,SYS_1,2019-06-15 08:34:42,主机node_73 分区剩余空间小于阀值10%,0
639,SYS_8,2019-06-15 08:34:43,主机node_49 日志产生ERROR信息,0
640,SYS_8,2019-06-15 08:34:45,主机node_87 **application 停止运行,0
641,SYS_5,2019-06-15 08:34:47,主机node_38 堆内存平均使用率：94.61%（大于阈值：90%）,0
642,SYS_6,2019-06-15 08:34:47,"主机node_59 ping丢包率100%,服务器宕机",0
643,SYS_4,2019-06-15 08:34:48,主机node_36 ping延迟时间持续3分钟大于100ms,0
644,SYS_8,2019-06-15 08:34:48,主机node_49 Nginx 80端口的连接数大于2000,0
645,SYS_4,2019-06-15 08:34:49,主机node_13 网卡eth0 接收流量持续10分钟平均值大于300M,0
646,SYS_5,2019-06-15 08:34:49,主机node_14 **application 停止运行,0
647,SYS_2,2019-06-15 08:34:49,主机node_21 **application 停止运行,0
648,SYS_10,2019-06-15 08:34:52,主机node_96 JBOSS 8080端口的连接数大于400,0
649,SYS_5,2019-06-15 08:34:53,主机node_82 **** 请求延时大于5分钟,0
650,SYS_3,2019-06-15 08:34:53,主机node_86 上I/O等待负载持续15分钟超过10%,0
651,SYS_2,2019-06-15 08:34:53,主机node_18 上I/O等待负载大于50%,0
652,SYS_8,2019-06-15 08:34:53,主机node_71 网卡eth0 发送流量持续10分钟平均值大于800M,0
653,SYS_2,2019-06-15 08:34:53,主机node_8 ping延迟时间持续3分钟大于100ms,0
654,SYS_8,2019-06-15 08:34:53,主机node_84 ping延迟时间持续3分钟大于100ms,0
655,SYS_8,2019-06-15 08:34:53,"主机node_10 空闲CPU为4.74%,持续15分钟小于10%",0
656,SYS_2,2019-06-15 08:34:53,主机node_99 HTTP:http://*************，慢响应（调用耗时超过1000ms）次数：223次（大于阈值：200次）,0
657,SYS_2,2019-06-15 08:34:53,主机node_7 ping延迟时间持续3分钟大于100ms,0
658,SYS_8,2019-06-15 08:34:53,主机node_95 上I/O等待负载大于50%,0
659,SYS_3,2019-06-15 08:34:53,"主机node_39 空闲CPU为4.74%,持续15分钟小于10%",0
660,SYS_3,2019-06-15 08:34:53,主机node_94 ping延迟时间持续3分钟大于100ms,0
661,SYS_2,2019-06-15 08:34:53,"主机node_91 空闲CPU为4.74%,持续15分钟小于10%",0
662,SYS_8,2019-06-15 08:34:53,主机node_49 上CPU Steal Time持续5分钟超过10%,0
663,SYS_8,2019-06-15 08:34:54,主机node_79 网卡eth0 发送流量持续30分钟平均值大于700M,0
664,SYS_8,2019-06-15 08:34:56,主机node_43 日志中有OutOfMemoryError信息,0
665,SYS_2,2019-06-15 08:34:58,主机node_8 ping延迟时间持续3分钟大于100ms,0
666,SYS_8,2019-06-15 08:34:59,"主机node_88 ping丢包率100%,服务器宕机",1
667,SYS_7,2019-06-15 08:35:02,主机node_51 硬盘Slot 00状态为Failed,0
668,SYS_5,2019-06-15 08:35:02,主机node_6 日志中有OutOfMemoryError信息,0
669,SYS_10,2019-06-15 08:35:02,主机node_96 JBOSS 8080端口的连接数大于400,0
670,SYS_8,2019-06-15 08:35:03,主机node_95 上I/O等待负载大于50%,0
671,SYS_2,2019-06-15 08:35:03,主机node_8 ping延迟时间持续3分钟大于100ms,0
672,SYS_3,2019-06-15 08:35:03,主机node_86 上I/O等待负载持续15分钟超过10%,0
673,SYS_2,2019-06-15 08:35:03,主机node_7 ping延迟时间持续3分钟大于100ms,0
674,SYS_8,2019-06-15 08:35:03,"主机node_10 空闲CPU为4.74%,持续15分钟小于10%",0
675,SYS_2,2019-06-15 08:35:03,主机node_18 上I/O等待负载大于50%,0
676,SYS_8,2019-06-15 08:35:03,主机node_49 上CPU Steal Time持续5分钟超过10%,0
677,SYS_3,2019-06-15 08:35:03,"主机node_39 空闲CPU为4.74%,持续15分钟小于10%",0
678,SYS_2,2019-06-15 08:35:03,主机node_99 HTTP:http://*************，慢响应（调用耗时超过1000ms）次数：223次（大于阈值：200次）,0
679,SYS_3,2019-06-15 08:35:03,主机node_94 ping延迟时间持续3分钟大于100ms,0
680,SYS_2,2019-06-15 08:35:03,"主机node_91 空闲CPU为4.74%,持续15分钟小于10%",0
681,SYS_8,2019-06-15 08:35:03,主机node_84 ping延迟时间持续3分钟大于100ms,0
682,SYS_4,2019-06-15 08:35:06,主机node_9 日志中有No route to host信息,0
683,SYS_8,2019-06-15 08:35:07,主机node_88 日志产生ERROR信息,0
684,SYS_4,2019-06-15 08:35:08,主机node_36 ping延迟时间持续3分钟大于100ms,0
685,SYS_2,2019-06-15 08:35:08,主机node_8 ping延迟时间持续3分钟大于100ms,0
686,SYS_5,2019-06-15 08:35:09,主机node_14 **application 停止运行,0
687,SYS_8,2019-06-15 08:35:09,"主机node_88 ping丢包率100%,服务器宕机",1
688,SYS_5,2019-06-15 08:35:10,主机node_2 HTTP:http://*************，慢响应（调用耗时超过1000ms）次数：309次（大于阈值：200次）,0
689,SYS_8,2019-06-15 08:35:12,主机node_41 分区剩余空间小于阀值10%,0
690,SYS_5,2019-06-15 08:35:12,主机node_65 Nginx 80端口的连接数大于2000,0
691,SYS_8,2019-06-15 08:35:13,主机node_49 上CPU Steal Time持续5分钟超过10%,0
692,SYS_8,2019-06-15 08:35:13,主机node_84 ping延迟时间持续3分钟大于100ms,0
693,SYS_8,2019-06-15 08:35:13,主机node_95 上I/O等待负载大于50%,0
694,SYS_8,2019-06-15 08:35:13,"主机node_10 空闲CPU为4.74%,持续15分钟小于10%",0
695,SYS_2,2019-06-15 08:35:14,主机node_37 上CPU Steal Time持续5分钟超过10%,0
696,SYS_3,2019-06-15 08:35:14,主机node_28 上I/O等待负载大于50%,0
697,SYS_2,2019-06-15 08:35:14,主机node_55 上I/O等待负载持续15分钟超过10%,0
698,SYS_3,2019-06-15 08:35:14,主机node_97 上I/O等待负载持续15分钟超过10%,0
699,SYS_3,2019-06-15 08:35:14,主机node_3 上I/O等待负载持续15分钟超过10%,0
700,SYS_2,2019-06-15 08:35:14,主机node_21 ping延迟时间持续3分钟大于100ms,0
701,SYS_2,2019-06-15 08:35:16,"主机node_91 空闲CPU为1.52%,持续15分钟小于10%",0
702,SYS_6,2019-06-15 08:35:17,主机node_25 网卡eth0 发送流量持续30分钟平均值大于700M,0
703,SYS_4,2019-06-15 08:35:19,主机node_13 网卡eth0 接收流量持续10分钟平均值大于300M,0
704,SYS_1,2019-06-15 08:35:20,主机node_33 日志产生ERROR信息,0
705,SYS_8,2019-06-15 08:35:21,"主机node_84 ping丢包率100%,服务器宕机",0
706,SYS_9,2019-06-15 08:35:22,主机node_66 上CPU Steal Time持续5分钟超过10%,0
707,SYS_10,2019-06-15 08:35:22,主机node_90 url:http://node_90:80//访问失败,0
708,SYS_3,2019-06-15 08:35:23,"主机node_39 空闲CPU为4.74%,持续15分钟小于10%",0
709,SYS_2,2019-06-15 08:35:23,"主机node_91 空闲CPU为4.74%,持续15分钟小于10%",0
710,SYS_2,2019-06-15 08:35:23,主机node_18 上I/O等待负载大于50%,0
711,SYS_2,2019-06-15 08:35:23,主机node_7 ping延迟时间持续3分钟大于100ms,0
712,SYS_2,2019-06-15 08:35:23,主机node_99 HTTP:http://*************，慢响应（调用耗时超过1000ms）次数：223次（大于阈值：200次）,0
713,SYS_3,2019-06-15 08:35:23,主机node_94 ping延迟时间持续3分钟大于100ms,0
714,SYS_3,2019-06-15 08:35:23,主机node_86 上I/O等待负载持续15分钟超过10%,0
715,SYS_8,2019-06-15 08:35:23,主机node_49 日志产生ERROR信息,0
716,SYS_2,2019-06-15 08:35:23,主机node_8 ping延迟时间持续3分钟大于100ms,0
717,SYS_2,2019-06-15 08:35:27,主机node_91 日志产生ERROR信息,0
718,SYS_6,2019-06-15 08:35:27,主机node_25 网卡eth0 发送流量持续30分钟平均值大于700M,0
719,SYS_4,2019-06-15 08:35:28,主机node_36 ping延迟时间持续3分钟大于100ms,0
720,SYS_8,2019-06-15 08:35:29,"主机node_88 ping丢包率100%,服务器宕机",1
721,SYS_9,2019-06-15 08:35:32,主机node_66 上CPU Steal Time持续5分钟超过10%,0
722,SYS_5,2019-06-15 08:35:33,主机node_82 **** 请求延时大于5分钟,0
723,SYS_3,2019-06-15 08:35:34,主机node_97 上I/O等待负载持续15分钟超过10%,0
724,SYS_2,2019-06-15 08:35:34,主机node_37 上CPU Steal Time持续5分钟超过10%,0
725,SYS_8,2019-06-15 08:35:34,主机node_79 网卡eth0 发送流量持续30分钟平均值大于700M,0
726,SYS_2,2019-06-15 08:35:34,主机node_55 上I/O等待负载持续15分钟超过10%,0
727,SYS_3,2019-06-15 08:35:34,主机node_28 上I/O等待负载大于50%,0
728,SYS_3,2019-06-15 08:35:34,主机node_3 上I/O等待负载持续15分钟超过10%,0
729,SYS_2,2019-06-15 08:35:34,主机node_21 ping延迟时间持续3分钟大于100ms,0
730,SYS_8,2019-06-15 08:35:35,主机node_95 日志报错:无法获取连接,0
731,SYS_6,2019-06-15 08:35:37,主机node_25 网卡eth0 发送流量持续30分钟平均值大于700M,0
732,SYS_8,2019-06-15 08:35:39,"主机node_88 ping丢包率100%,服务器宕机",1
733,SYS_10,2019-06-15 08:35:42,主机node_90 url:http://node_90:80//访问失败,0
734,SYS_2,2019-06-15 08:35:43,主机node_7 ping延迟时间持续3分钟大于100ms,0
735,SYS_8,2019-06-15 08:35:43,"主机node_10 空闲CPU为4.74%,持续15分钟小于10%",0
736,SYS_3,2019-06-15 08:35:43,"主机node_39 空闲CPU为4.74%,持续15分钟小于10%",0
737,SYS_3,2019-06-15 08:35:43,主机node_94 ping延迟时间持续3分钟大于100ms,0
738,SYS_8,2019-06-15 08:35:43,主机node_49 上CPU Steal Time持续5分钟超过10%,0
739,SYS_2,2019-06-15 08:35:43,主机node_18 上I/O等待负载大于50%,0
740,SYS_2,2019-06-15 08:35:43,主机node_99 HTTP:http://*************，慢响应（调用耗时超过1000ms）次数：223次（大于阈值：200次）,0
741,SYS_8,2019-06-15 08:35:43,主机node_95 上I/O等待负载大于50%,0
742,SYS_3,2019-06-15 08:35:43,主机node_86 上I/O等待负载持续15分钟超过10%,0
743,SYS_8,2019-06-15 08:35:43,主机node_84 ping延迟时间持续3分钟大于100ms,0
744,SYS_2,2019-06-15 08:35:43,主机node_8 ping延迟时间持续3分钟大于100ms,0
745,SYS_2,2019-06-15 08:35:43,"主机node_91 空闲CPU为4.74%,持续15分钟小于10%",0
746,SYS_3,2019-06-15 08:35:44,主机node_39 端口6060通信异常,0
747,SYS_2,2019-06-15 08:35:47,主机node_91 日志产生ERROR信息,0
748,SYS_8,2019-06-15 08:35:49,"主机node_88 ping丢包率100%,服务器宕机",1
749,SYS_9,2019-06-15 08:35:52,主机node_66 上CPU Steal Time持续5分钟超过10%,0
750,SYS_4,2019-06-15 08:35:56,主机node_9 日志中有No route to host信息,0
751,SYS_2,2019-06-15 08:35:57,主机node_91 日志产生ERROR信息,0
752,SYS_2,2019-06-15 08:35:58,主机node_8 ping延迟时间持续3分钟大于100ms,0
753,SYS_8,2019-06-15 08:35:59,"主机node_88 ping丢包率100%,服务器宕机",1
754,SYS_2,2019-06-15 08:36:03,"主机node_91 空闲CPU为4.74%,持续15分钟小于10%",0
755,SYS_2,2019-06-15 08:36:03,主机node_7 ping延迟时间持续3分钟大于100ms,0
756,SYS_8,2019-06-15 08:36:03,"主机node_10 空闲CPU为4.74%,持续15分钟小于10%",0
757,SYS_8,2019-06-15 08:36:03,主机node_49 上CPU Steal Time持续5分钟超过10%,0
758,SYS_3,2019-06-15 08:36:03,主机node_86 上I/O等待负载持续15分钟超过10%,0
759,SYS_2,2019-06-15 08:36:03,主机node_8 ping延迟时间持续3分钟大于100ms,0
760,SYS_3,2019-06-15 08:36:03,主机node_94 ping延迟时间持续3分钟大于100ms,0
761,SYS_2,2019-06-15 08:36:03,主机node_99 HTTP:http://*************，慢响应（调用耗时超过1000ms）次数：223次（大于阈值：200次）,0
762,SYS_3,2019-06-15 08:36:03,"主机node_39 空闲CPU为4.74%,持续15分钟小于10%",0
763,SYS_8,2019-06-15 08:36:03,主机node_84 ping延迟时间持续3分钟大于100ms,0
764,SYS_2,2019-06-15 08:36:03,主机node_18 上I/O等待负载大于50%,0
765,SYS_8,2019-06-15 08:36:03,主机node_95 上I/O等待负载大于50%,0
766,SYS_2,2019-06-15 08:36:04,主机node_37 上CPU Steal Time持续5分钟超过10%,0
767,SYS_3,2019-06-15 08:36:04,主机node_28 上I/O等待负载大于50%,0
768,SYS_4,2019-06-15 08:36:04,"主机node_5 空闲CPU为1.52%,持续15分钟小于10%",0
769,SYS_2,2019-06-15 08:36:04,主机node_55 上I/O等待负载持续15分钟超过10%,0
770,SYS_2,2019-06-15 08:36:04,主机node_21 ping延迟时间持续3分钟大于100ms,0
771,SYS_3,2019-06-15 08:36:04,主机node_97 上I/O等待负载持续15分钟超过10%,0
772,SYS_3,2019-06-15 08:36:04,主机node_3 上I/O等待负载持续15分钟超过10%,0
773,SYS_6,2019-06-15 08:36:07,"主机node_59 ping丢包率100%,服务器宕机",0
774,SYS_2,2019-06-15 08:36:08,主机node_8 ping延迟时间持续3分钟大于100ms,0
775,SYS_6,2019-06-15 08:36:08,主机node_35 上I/O等待负载持续15分钟超过10%,0
776,SYS_2,2019-06-15 08:36:09,主机node_21 **application 停止运行,0
777,SYS_5,2019-06-15 08:36:09,主机node_14 **application 停止运行,0
778,SYS_5,2019-06-15 08:36:10,主机node_76 分区剩余空间小于阀值10%,0
779,SYS_5,2019-06-15 08:36:12,主机node_6 日志中有OutOfMemoryError信息,0
780,SYS_9,2019-06-15 08:36:12,主机node_66 上CPU Steal Time持续5分钟超过10%,0
781,SYS_1,2019-06-15 08:36:12,主机node_73 分区剩余空间小于阀值10%,0
782,SYS_3,2019-06-15 08:36:14,主机node_39 端口6060通信异常,0
783,SYS_3,2019-06-15 08:36:14,主机node_28 上I/O等待负载大于50%,0
784,SYS_3,2019-06-15 08:36:14,主机node_97 上I/O等待负载持续15分钟超过10%,0
785,SYS_3,2019-06-15 08:36:14,主机node_3 上I/O等待负载持续15分钟超过10%,0
786,SYS_2,2019-06-15 08:36:14,主机node_55 上I/O等待负载持续15分钟超过10%,0
787,SYS_2,2019-06-15 08:36:14,主机node_37 上CPU Steal Time持续5分钟超过10%,0
788,SYS_2,2019-06-15 08:36:14,主机node_21 ping延迟时间持续3分钟大于100ms,0
789,SYS_8,2019-06-15 08:36:17,主机node_88 上CPU Steal Time持续5分钟超过10%,0
790,SYS_2,2019-06-15 08:36:17,主机node_91 日志产生ERROR信息,0
791,SYS_5,2019-06-15 08:36:17,主机node_38 堆内存平均使用率：94.61%（大于阈值：90%）,0
792,SYS_6,2019-06-15 08:36:17,"主机node_59 ping丢包率100%,服务器宕机",0
793,SYS_4,2019-06-15 08:36:18,主机node_36 ping延迟时间持续3分钟大于100ms,0
794,SYS_6,2019-06-15 08:36:18,主机node_35 上I/O等待负载持续15分钟超过10%,0
795,SYS_2,2019-06-15 08:36:19,主机node_21 **application 停止运行,0
796,SYS_4,2019-06-15 08:36:19,主机node_13 网卡eth0 接收流量持续10分钟平均值大于300M,0
797,SYS_10,2019-06-15 08:36:21,"主机node_64 空闲CPU为1.52%,持续15分钟小于10%",0
798,SYS_10,2019-06-15 08:36:22,主机node_96 JBOSS 8080端口的连接数大于400,0
799,SYS_2,2019-06-15 08:36:23,主机node_18 上I/O等待负载大于50%,0
800,SYS_2,2019-06-15 08:36:23,主机node_7 ping延迟时间持续3分钟大于100ms,0
801,SYS_2,2019-06-15 08:36:23,主机node_99 HTTP:http://*************，慢响应（调用耗时超过1000ms）次数：223次（大于阈值：200次）,0
802,SYS_2,2019-06-15 08:36:23,主机node_8 ping延迟时间持续3分钟大于100ms,0
803,SYS_3,2019-06-15 08:36:23,"主机node_39 空闲CPU为4.74%,持续15分钟小于10%",0
804,SYS_3,2019-06-15 08:36:23,主机node_94 ping延迟时间持续3分钟大于100ms,0
805,SYS_3,2019-06-15 08:36:23,主机node_86 上I/O等待负载持续15分钟超过10%,0
806,SYS_6,2019-06-15 08:36:23,主机node_46 **application 停止运行,0
807,SYS_2,2019-06-15 08:36:23,"主机node_91 空闲CPU为4.74%,持续15分钟小于10%",0
808,SYS_8,2019-06-15 08:36:25,主机node_95 日志报错:无法获取连接,0
809,SYS_8,2019-06-15 08:36:27,主机node_88 上CPU Steal Time持续5分钟超过10%,0
810,SYS_4,2019-06-15 08:36:28,主机node_36 ping延迟时间持续3分钟大于100ms,0
811,SYS_6,2019-06-15 08:36:28,主机node_35 上I/O等待负载持续15分钟超过10%,0
812,SYS_4,2019-06-15 08:36:29,主机node_13 网卡eth0 接收流量持续10分钟平均值大于300M,0
813,SYS_9,2019-06-15 08:36:30,主机node_47 JBOSS 8080端口的连接数大于400,0
814,SYS_2,2019-06-15 08:36:31,主机node_30 空闲交换空间小于50%,0
815,SYS_2,2019-06-15 08:36:34,主机node_55 上I/O等待负载持续15分钟超过10%,0
816,SYS_2,2019-06-15 08:36:34,主机node_37 上CPU Steal Time持续5分钟超过10%,0
817,SYS_3,2019-06-15 08:36:34,主机node_28 上I/O等待负载大于50%,0
818,SYS_3,2019-06-15 08:36:34,主机node_3 上I/O等待负载持续15分钟超过10%,0
819,SYS_2,2019-06-15 08:36:34,主机node_21 ping延迟时间持续3分钟大于100ms,0
820,SYS_3,2019-06-15 08:36:34,主机node_97 上I/O等待负载持续15分钟超过10%,0
821,SYS_3,2019-06-15 08:36:35,主机node_94 分区剩余空间小于阀值10%,0
822,SYS_3,2019-06-15 08:36:35,主机node_20 url:http://node_20:8080访问失败,0
823,SYS_5,2019-06-15 08:36:37,主机node_38 堆内存平均使用率：94.61%（大于阈值：90%）,0
824,SYS_8,2019-06-15 08:36:37,主机node_88 上CPU Steal Time持续5分钟超过10%,0
825,SYS_2,2019-06-15 08:36:37,主机node_91 日志产生ERROR信息,0
826,SYS_4,2019-06-15 08:36:38,主机node_36 ping延迟时间持续3分钟大于100ms,0
827,SYS_4,2019-06-15 08:36:39,主机node_13 网卡eth0 接收流量持续10分钟平均值大于300M,0
828,SYS_1,2019-06-15 08:36:40,主机node_33 日志产生ERROR信息,0
829,SYS_5,2019-06-15 08:36:40,主机node_76 分区剩余空间小于阀值10%,0
830,SYS_10,2019-06-15 08:36:42,主机node_90 url:http://node_90:80//访问失败,0
831,SYS_3,2019-06-15 08:36:43,主机node_86 上I/O等待负载持续15分钟超过10%,0
832,SYS_2,2019-06-15 08:36:43,主机node_7 ping延迟时间持续3分钟大于100ms,0
833,SYS_2,2019-06-15 08:36:43,主机node_99 HTTP:http://*************，慢响应（调用耗时超过1000ms）次数：223次（大于阈值：200次）,0
834,SYS_3,2019-06-15 08:36:43,"主机node_39 空闲CPU为4.74%,持续15分钟小于10%",0
835,SYS_2,2019-06-15 08:36:43,主机node_8 ping延迟时间持续3分钟大于100ms,0
836,SYS_2,2019-06-15 08:36:43,"主机node_91 空闲CPU为4.74%,持续15分钟小于10%",0
837,SYS_2,2019-06-15 08:36:43,主机node_18 上I/O等待负载大于50%,0
838,SYS_3,2019-06-15 08:36:43,主机node_94 ping延迟时间持续3分钟大于100ms,0
839,SYS_8,2019-06-15 08:36:44,主机node_79 网卡eth0 发送流量持续30分钟平均值大于700M,0
840,SYS_3,2019-06-15 08:36:45,主机node_94 分区剩余空间小于阀值10%,0
841,SYS_6,2019-06-15 08:36:48,主机node_35 上I/O等待负载持续15分钟超过10%,0
842,SYS_2,2019-06-15 08:36:49,主机node_21 **application 停止运行,0
843,SYS_10,2019-06-15 08:36:52,主机node_96 JBOSS 8080端口的连接数大于400,0
844,SYS_5,2019-06-15 08:36:53,主机node_82 **** 请求延时大于5分钟,0
845,SYS_8,2019-06-15 08:36:53,主机node_84 ping延迟时间持续3分钟大于100ms,0
846,SYS_6,2019-06-15 08:36:53,主机node_46 **application 停止运行,0
847,SYS_8,2019-06-15 08:36:53,"主机node_10 空闲CPU为4.74%,持续15分钟小于10%",0
848,SYS_8,2019-06-15 08:36:53,主机node_49 上CPU Steal Time持续5分钟超过10%,0
849,SYS_8,2019-06-15 08:36:53,主机node_95 上I/O等待负载大于50%,0
850,SYS_8,2019-06-15 08:36:53,主机node_71 网卡eth0 发送流量持续10分钟平均值大于800M,0
851,SYS_10,2019-06-15 08:36:53,"主机node_29 ping丢包率100%,服务器宕机",0
852,SYS_2,2019-06-15 08:36:54,主机node_21 ping延迟时间持续3分钟大于100ms,0
853,SYS_3,2019-06-15 08:36:54,主机node_97 上I/O等待负载持续15分钟超过10%,0
854,SYS_3,2019-06-15 08:36:54,主机node_28 上I/O等待负载大于50%,0
855,SYS_2,2019-06-15 08:36:54,主机node_37 上CPU Steal Time持续5分钟超过10%,0
856,SYS_2,2019-06-15 08:36:54,主机node_55 上I/O等待负载持续15分钟超过10%,0
857,SYS_3,2019-06-15 08:36:54,主机node_3 上I/O等待负载持续15分钟超过10%,0
858,SYS_6,2019-06-15 08:36:55,主机node_48 日志产生ERROR信息,0
859,SYS_8,2019-06-15 08:36:57,主机node_88 上CPU Steal Time持续5分钟超过10%,0
860,SYS_5,2019-06-15 08:36:57,主机node_38 堆内存平均使用率：94.61%（大于阈值：90%）,0
861,SYS_6,2019-06-15 08:36:58,主机node_35 上I/O等待负载持续15分钟超过10%,0
862,SYS_4,2019-06-15 08:36:58,主机node_36 ping延迟时间持续3分钟大于100ms,0
863,SYS_2,2019-06-15 08:36:59,主机node_8 端口80通信异常,0
864,SYS_5,2019-06-15 08:37:00,主机node_76 分区剩余空间小于阀值10%,0
865,SYS_4,2019-06-15 08:37:00,主机node_19 日志报错:无法获取连接,0
866,SYS_10,2019-06-15 08:37:02,主机node_90 url:http://node_90:80//访问失败,0
867,SYS_4,2019-06-15 08:37:02,主机node_81 日志产生ERROR信息,0
868,SYS_10,2019-06-15 08:37:02,主机node_96 JBOSS 8080端口的连接数大于400,0
869,SYS_8,2019-06-15 08:37:03,主机node_95 上I/O等待负载大于50%,0
870,SYS_8,2019-06-15 08:37:03,主机node_49 上CPU Steal Time持续5分钟超过10%,0
871,SYS_5,2019-06-15 08:37:03,主机node_82 **** 请求延时大于5分钟,0
872,SYS_1,2019-06-15 08:37:03,主机node_17 FullGC次数：23次（大于阈值：10次）,0
873,SYS_8,2019-06-15 08:37:03,"主机node_10 空闲CPU为4.74%,持续15分钟小于10%",0
874,SYS_8,2019-06-15 08:37:03,主机node_84 ping延迟时间持续3分钟大于100ms,0
875,SYS_2,2019-06-15 08:37:04,主机node_21 ping延迟时间持续3分钟大于100ms,0
876,SYS_1,2019-06-15 08:37:04,主机node_58 网卡eth0 接收流量持续10分钟平均值大于180M,0
877,SYS_2,2019-06-15 08:37:04,主机node_37 上CPU Steal Time持续5分钟超过10%,0
878,SYS_2,2019-06-15 08:37:04,主机node_55 上I/O等待负载持续15分钟超过10%,0
879,SYS_3,2019-06-15 08:37:04,主机node_28 上I/O等待负载大于50%,0
880,SYS_3,2019-06-15 08:37:04,主机node_3 上I/O等待负载持续15分钟超过10%,0
881,SYS_3,2019-06-15 08:37:04,主机node_97 上I/O等待负载持续15分钟超过10%,0
882,SYS_7,2019-06-15 08:37:05,主机node_54 sdd IO使用率持续30分钟大于90%,0
883,SYS_8,2019-06-15 08:37:06,主机node_43 日志中有OutOfMemoryError信息,0
884,SYS_5,2019-06-15 08:37:07,主机node_38 堆内存平均使用率：94.61%（大于阈值：90%）,0
885,SYS_8,2019-06-15 08:37:09,"主机node_88 ping丢包率100%,服务器宕机",1
886,SYS_4,2019-06-15 08:37:09,主机node_72 网卡eth0 接收流量持续10分钟平均值大于180M,0
887,SYS_5,2019-06-15 08:37:10,主机node_2 HTTP:http://*************，慢响应（调用耗时超过1000ms）次数：309次（大于阈值：200次）,0
888,SYS_10,2019-06-15 08:37:11,"主机node_64 空闲CPU为1.52%,持续15分钟小于10%",0
889,SYS_3,2019-06-15 08:37:13,主机node_94 ping延迟时间持续3分钟大于100ms,0
890,SYS_2,2019-06-15 08:37:13,主机node_99 HTTP:http://*************，慢响应（调用耗时超过1000ms）次数：223次（大于阈值：200次）,0
891,SYS_3,2019-06-15 08:37:13,主机node_86 上I/O等待负载持续15分钟超过10%,0
892,SYS_2,2019-06-15 08:37:13,主机node_8 ping延迟时间持续3分钟大于100ms,0
893,SYS_2,2019-06-15 08:37:13,主机node_18 上I/O等待负载大于50%,0
894,SYS_3,2019-06-15 08:37:13,"主机node_39 空闲CPU为4.74%,持续15分钟小于10%",0
895,SYS_5,2019-06-15 08:37:13,主机node_82 **** 请求延时大于5分钟,0
896,SYS_2,2019-06-15 08:37:13,主机node_7 ping延迟时间持续3分钟大于100ms,0
897,SYS_2,2019-06-15 08:37:13,"主机node_91 空闲CPU为4.74%,持续15分钟小于10%",0
898,SYS_8,2019-06-15 08:37:13,主机node_49 日志产生ERROR信息,0
899,SYS_10,2019-06-15 08:37:13,"主机node_29 ping丢包率100%,服务器宕机",0
900,SYS_2,2019-06-15 08:37:14,主机node_21 ping延迟时间持续3分钟大于100ms,0
901,SYS_2,2019-06-15 08:37:14,主机node_55 上I/O等待负载持续15分钟超过10%,0
902,SYS_3,2019-06-15 08:37:14,主机node_3 上I/O等待负载持续15分钟超过10%,0
903,SYS_3,2019-06-15 08:37:14,主机node_97 上I/O等待负载持续15分钟超过10%,0
904,SYS_2,2019-06-15 08:37:14,主机node_37 上CPU Steal Time持续5分钟超过10%,0
905,SYS_3,2019-06-15 08:37:14,主机node_28 上I/O等待负载大于50%,0
906,SYS_6,2019-06-15 08:37:15,主机node_48 日志产生ERROR信息,0
907,SYS_5,2019-06-15 08:37:17,主机node_38 堆内存平均使用率：94.61%（大于阈值：90%）,0
908,SYS_8,2019-06-15 08:37:19,"主机node_88 ping丢包率100%,服务器宕机",1
909,SYS_3,2019-06-15 08:37:20,主机node_86 网卡流量unknown,0
910,SYS_4,2019-06-15 08:37:20,主机node_19 日志报错:无法获取连接,0
911,SYS_8,2019-06-15 08:37:23,"主机node_10 空闲CPU为4.74%,持续15分钟小于10%",0
912,SYS_8,2019-06-15 08:37:23,主机node_84 ping延迟时间持续3分钟大于100ms,0
913,SYS_8,2019-06-15 08:37:23,主机node_95 上I/O等待负载大于50%,0
914,SYS_8,2019-06-15 08:37:23,主机node_49 上CPU Steal Time持续5分钟超过10%,0
915,SYS_8,2019-06-15 08:37:25,主机node_87 **application 停止运行,0
916,SYS_6,2019-06-15 08:37:28,主机node_35 上I/O等待负载持续15分钟超过10%,0
917,SYS_8,2019-06-15 08:37:29,"主机node_88 ping丢包率100%,服务器宕机",1
918,SYS_9,2019-06-15 08:37:29,主机node_78 网卡eth0 接收流量持续10分钟平均值大于300M,0
919,SYS_5,2019-06-15 08:37:30,主机node_76 分区剩余空间小于阀值10%,0
920,SYS_5,2019-06-15 08:37:33,主机node_82 **** 请求延时大于5分钟,0
921,SYS_1,2019-06-15 08:37:33,主机node_17 FullGC次数：23次（大于阈值：10次）,0
922,SYS_2,2019-06-15 08:37:34,主机node_21 ping延迟时间持续3分钟大于100ms,0
923,SYS_3,2019-06-15 08:37:34,主机node_3 上I/O等待负载持续15分钟超过10%,0
924,SYS_2,2019-06-15 08:37:34,主机node_37 上CPU Steal Time持续5分钟超过10%,0
925,SYS_3,2019-06-15 08:37:34,主机node_97 上I/O等待负载持续15分钟超过10%,0
926,SYS_2,2019-06-15 08:37:34,主机node_55 上I/O等待负载持续15分钟超过10%,0
927,SYS_8,2019-06-15 08:37:34,主机node_79 网卡eth0 发送流量持续30分钟平均值大于700M,0
928,SYS_3,2019-06-15 08:37:34,主机node_28 上I/O等待负载大于50%,0
929,SYS_4,2019-06-15 08:37:36,主机node_9 日志中有No route to host信息,0
930,SYS_4,2019-06-15 08:37:38,主机node_36 ping延迟时间持续3分钟大于100ms,0
931,SYS_8,2019-06-15 08:37:39,"主机node_88 ping丢包率100%,服务器宕机",1
932,SYS_7,2019-06-15 08:37:42,主机node_51 硬盘Slot 00状态为Failed,0
933,SYS_8,2019-06-15 08:37:43,主机node_49 上CPU Steal Time持续5分钟超过10%,0
934,SYS_8,2019-06-15 08:37:43,主机node_95 上I/O等待负载大于50%,0
935,SYS_8,2019-06-15 08:37:43,"主机node_10 空闲CPU为4.74%,持续15分钟小于10%",0
936,SYS_8,2019-06-15 08:37:43,主机node_84 ping延迟时间持续3分钟大于100ms,0
937,SYS_8,2019-06-15 08:37:45,主机node_87 **application 停止运行,0
938,SYS_6,2019-06-15 08:37:45,主机node_48 日志产生ERROR信息,0
939,SYS_4,2019-06-15 08:37:46,主机node_9 日志中有No route to host信息,0
940,SYS_6,2019-06-15 08:37:47,主机node_25 网卡eth0 发送流量持续30分钟平均值大于700M,0
941,SYS_2,2019-06-15 08:37:49,主机node_21 **application 停止运行,0
942,SYS_8,2019-06-15 08:37:49,"主机node_88 ping丢包率100%,服务器宕机",1
943,SYS_5,2019-06-15 08:37:49,主机node_14 **application 停止运行,0
944,SYS_3,2019-06-15 08:37:50,主机node_94 日志产生ERROR信息,0
945,SYS_10,2019-06-15 08:37:52,主机node_96 JBOSS 8080端口的连接数大于400,0
946,SYS_1,2019-06-15 08:37:53,主机node_17 FullGC次数：23次（大于阈值：10次）,0
947,SYS_8,2019-06-15 08:37:53,"主机node_10 空闲CPU为4.74%,持续15分钟小于10%",0
948,SYS_8,2019-06-15 08:37:53,主机node_95 上I/O等待负载大于50%,0
949,SYS_8,2019-06-15 08:37:53,主机node_49 上CPU Steal Time持续5分钟超过10%,0
950,SYS_8,2019-06-15 08:37:53,主机node_84 ping延迟时间持续3分钟大于100ms,0
951,SYS_3,2019-06-15 08:37:54,主机node_28 上I/O等待负载大于50%,0
952,SYS_3,2019-06-15 08:37:54,主机node_97 上I/O等待负载持续15分钟超过10%,0
953,SYS_2,2019-06-15 08:37:54,主机node_21 ping延迟时间持续3分钟大于100ms,0
954,SYS_2,2019-06-15 08:37:54,主机node_37 上CPU Steal Time持续5分钟超过10%,0
955,SYS_3,2019-06-15 08:37:54,主机node_3 上I/O等待负载持续15分钟超过10%,0
956,SYS_2,2019-06-15 08:37:54,主机node_55 上I/O等待负载持续15分钟超过10%,0
957,SYS_8,2019-06-15 08:37:55,主机node_87 **application 停止运行,0
958,SYS_5,2019-06-15 08:37:57,主机node_38 堆内存平均使用率：94.61%（大于阈值：90%）,0
959,SYS_4,2019-06-15 08:37:58,主机node_36 ping延迟时间持续3分钟大于100ms,0
960,SYS_9,2019-06-15 08:37:59,主机node_78 网卡eth0 接收流量持续10分钟平均值大于300M,0
961,SYS_6,2019-06-15 08:37:59,主机node_98 ping丢包率当前值为25%，持续2分钟平均大于20%,0
962,SYS_1,2019-06-15 08:38:02,主机node_73 分区剩余空间小于阀值10%,0
963,SYS_4,2019-06-15 08:38:02,主机node_81 日志产生ERROR信息,0
964,SYS_1,2019-06-15 08:38:03,主机node_17 FullGC次数：23次（大于阈值：10次）,0
965,SYS_8,2019-06-15 08:38:03,主机node_95 上I/O等待负载大于50%,0
966,SYS_8,2019-06-15 08:38:03,"主机node_10 空闲CPU为4.74%,持续15分钟小于10%",0
967,SYS_8,2019-06-15 08:38:03,主机node_49 日志产生ERROR信息,0
968,SYS_8,2019-06-15 08:38:03,主机node_84 ping延迟时间持续3分钟大于100ms,0
969,SYS_8,2019-06-15 08:38:03,主机node_49 上CPU Steal Time持续5分钟超过10%,0
970,SYS_8,2019-06-15 08:38:06,主机node_43 日志中有OutOfMemoryError信息,0
971,SYS_8,2019-06-15 08:38:09,"主机node_88 ping丢包率100%,服务器宕机",1
972,SYS_3,2019-06-15 08:38:10,主机node_28 堆内存平均使用率：94.61%（大于阈值：90%）,0
973,SYS_4,2019-06-15 08:38:10,主机node_19 日志报错:无法获取连接,0
974,SYS_5,2019-06-15 08:38:12,主机node_65 Nginx 80端口的连接数大于2000,0
975,SYS_3,2019-06-15 08:38:13,主机node_86 上I/O等待负载持续15分钟超过10%,0
976,SYS_2,2019-06-15 08:38:13,主机node_7 ping延迟时间持续3分钟大于100ms,0
977,SYS_2,2019-06-15 08:38:13,"主机node_91 空闲CPU为4.74%,持续15分钟小于10%",0
978,SYS_2,2019-06-15 08:38:13,主机node_18 上I/O等待负载大于50%,0
979,SYS_8,2019-06-15 08:38:13,主机node_84 ping延迟时间持续3分钟大于100ms,0
980,SYS_2,2019-06-15 08:38:13,主机node_99 HTTP:http://*************，慢响应（调用耗时超过1000ms）次数：223次（大于阈值：200次）,0
981,SYS_8,2019-06-15 08:38:13,"主机node_10 空闲CPU为4.74%,持续15分钟小于10%",0
982,SYS_3,2019-06-15 08:38:13,"主机node_39 空闲CPU为4.74%,持续15分钟小于10%",0
983,SYS_2,2019-06-15 08:38:13,主机node_8 ping延迟时间持续3分钟大于100ms,0
984,SYS_3,2019-06-15 08:38:13,主机node_94 ping延迟时间持续3分钟大于100ms,0
985,SYS_8,2019-06-15 08:38:13,主机node_95 上I/O等待负载大于50%,0
986,SYS_8,2019-06-15 08:38:13,主机node_49 上CPU Steal Time持续5分钟超过10%,0
987,SYS_3,2019-06-15 08:38:14,主机node_3 上I/O等待负载持续15分钟超过10%,0
988,SYS_2,2019-06-15 08:38:14,主机node_21 ping延迟时间持续3分钟大于100ms,0
989,SYS_2,2019-06-15 08:38:14,主机node_55 上I/O等待负载持续15分钟超过10%,0
990,SYS_3,2019-06-15 08:38:14,主机node_97 上I/O等待负载持续15分钟超过10%,0
991,SYS_2,2019-06-15 08:38:14,主机node_37 上CPU Steal Time持续5分钟超过10%,0
992,SYS_3,2019-06-15 08:38:14,主机node_28 上I/O等待负载大于50%,0
993,SYS_8,2019-06-15 08:38:15,主机node_87 **application 停止运行,0
994,SYS_8,2019-06-15 08:38:15,主机node_95 日志报错:无法获取连接,0
995,SYS_6,2019-06-15 08:38:17,"主机node_59 ping丢包率100%,服务器宕机",0
996,SYS_8,2019-06-15 08:38:19,"主机node_88 ping丢包率100%,服务器宕机",1
997,SYS_5,2019-06-15 08:38:20,主机node_2 HTTP:http://*************，慢响应（调用耗时超过1000ms）次数：309次（大于阈值：200次）,0
998,SYS_10,2019-06-15 08:38:21,"主机node_64 空闲CPU为1.52%,持续15分钟小于10%",0
999,SYS_10,2019-06-15 08:38:22,主机node_90 url:http://node_90:80//访问失败,0
1000,SYS_1,2019-06-15 08:38:22,主机node_73 分区剩余空间小于阀值10%,0
1001,SYS_10,2019-06-15 08:38:23,"主机node_29 ping丢包率100%,服务器宕机",0
1002,SYS_8,2019-06-15 08:38:24,主机node_79 网卡eth0 发送流量持续30分钟平均值大于700M,0
1003,SYS_8,2019-06-15 08:38:26,主机node_43 日志中有OutOfMemoryError信息,0
1004,SYS_4,2019-06-15 08:38:26,主机node_9 日志中有No route to host信息,0
1005,SYS_6,2019-06-15 08:38:27,主机node_25 网卡eth0 发送流量持续30分钟平均值大于700M,0
1006,SYS_5,2019-06-15 08:38:27,主机node_38 堆内存平均使用率：94.61%（大于阈值：90%）,0
1007,SYS_4,2019-06-15 08:38:29,主机node_13 网卡eth0 接收流量持续10分钟平均值大于300M,0
1008,SYS_3,2019-06-15 08:38:30,主机node_28 堆内存平均使用率：94.61%（大于阈值：90%）,0
1009,SYS_4,2019-06-15 08:38:30,主机node_19 日志报错:无法获取连接,0
1010,SYS_5,2019-06-15 08:38:32,主机node_6 日志中有OutOfMemoryError信息,0
1011,SYS_7,2019-06-15 08:38:32,主机node_51 硬盘Slot 00状态为Failed,0
1012,SYS_2,2019-06-15 08:38:33,主机node_7 端口6060通信异常,0
1013,SYS_8,2019-06-15 08:38:39,"主机node_88 ping丢包率100%,服务器宕机",1
1014,SYS_3,2019-06-15 08:38:39,主机node_97 网卡eth0 接收流量持续10分钟平均值大于180M,0
1015,SYS_5,2019-06-15 08:38:40,主机node_76 分区剩余空间小于阀值10%,0
1016,SYS_1,2019-06-15 08:38:40,主机node_33 日志产生ERROR信息,0
1017,SYS_4,2019-06-15 08:38:42,主机node_81 日志产生ERROR信息,0
1018,SYS_2,2019-06-15 08:38:42,主机node_18 上CPU Steal Time持续5分钟超过10%,0
1019,SYS_7,2019-06-15 08:38:42,主机node_24 FullGC次数：32次（大于阈值：10次）,0
1020,SYS_8,2019-06-15 08:38:43,主机node_49 上CPU Steal Time持续5分钟超过10%,0
1021,SYS_8,2019-06-15 08:38:43,"主机node_10 空闲CPU为4.74%,持续15分钟小于10%",0
1022,SYS_8,2019-06-15 08:38:43,主机node_95 上I/O等待负载大于50%,0
1023,SYS_8,2019-06-15 08:38:43,主机node_49 日志产生ERROR信息,0
1024,SYS_8,2019-06-15 08:38:43,主机node_84 ping延迟时间持续3分钟大于100ms,0
1025,SYS_3,2019-06-15 08:38:45,主机node_94 分区剩余空间小于阀值10%,0
1026,SYS_6,2019-06-15 08:38:47,"主机node_59 ping丢包率100%,服务器宕机",0
1027,SYS_5,2019-06-15 08:38:47,主机node_38 堆内存平均使用率：94.61%（大于阈值：90%）,0
1028,SYS_4,2019-06-15 08:38:48,主机node_36 ping延迟时间持续3分钟大于100ms,0
1029,SYS_2,2019-06-15 08:38:49,主机node_21 **application 停止运行,0
1030,SYS_5,2019-06-15 08:38:52,主机node_6 日志中有OutOfMemoryError信息,0
1031,SYS_6,2019-06-15 08:38:53,主机node_46 **application 停止运行,0
1032,SYS_8,2019-06-15 08:38:53,主机node_49 上CPU Steal Time持续5分钟超过10%,0
1033,SYS_8,2019-06-15 08:38:53,主机node_84 ping延迟时间持续3分钟大于100ms,0
1034,SYS_5,2019-06-15 08:38:53,主机node_82 **** 请求延时大于5分钟,0
1035,SYS_10,2019-06-15 08:38:53,"主机node_29 ping丢包率100%,服务器宕机",0
1036,SYS_8,2019-06-15 08:38:53,主机node_95 上I/O等待负载大于50%,0
1037,SYS_8,2019-06-15 08:38:53,"主机node_10 空闲CPU为4.74%,持续15分钟小于10%",0
1038,SYS_8,2019-06-15 08:38:54,主机node_79 网卡eth0 发送流量持续30分钟平均值大于700M,0
1039,SYS_3,2019-06-15 08:38:54,主机node_39 端口6060通信异常,0
1040,SYS_8,2019-06-15 08:38:55,主机node_87 **application 停止运行,0
1041,SYS_6,2019-06-15 08:38:57,主机node_25 网卡eth0 发送流量持续30分钟平均值大于700M,0
1042,SYS_8,2019-06-15 08:38:57,主机node_88 上CPU Steal Time持续5分钟超过10%,0
1043,SYS_8,2019-06-15 08:38:58,"主机node_10 ping丢包率100%,服务器宕机",0
1044,SYS_4,2019-06-15 08:38:58,主机node_36 ping延迟时间持续3分钟大于100ms,0
1045,SYS_3,2019-06-15 08:38:59,主机node_97 网卡eth0 接收流量持续10分钟平均值大于180M,0
1046,SYS_9,2019-06-15 08:39:00,主机node_47 JBOSS 8080端口的连接数大于400,0
1047,SYS_4,2019-06-15 08:39:00,主机node_27 网卡eth0 接收流量持续10分钟平均值大于180M,0
1048,SYS_8,2019-06-15 08:39:03,主机node_95 上I/O等待负载大于50%,0
1049,SYS_8,2019-06-15 08:39:03,主机node_49 日志产生ERROR信息,0
1050,SYS_8,2019-06-15 08:39:03,"主机node_10 空闲CPU为4.74%,持续15分钟小于10%",0
1051,SYS_8,2019-06-15 08:39:03,主机node_84 ping延迟时间持续3分钟大于100ms,0
1052,SYS_8,2019-06-15 08:39:03,主机node_49 上CPU Steal Time持续5分钟超过10%,0
1053,SYS_10,2019-06-15 08:39:03,"主机node_29 ping丢包率100%,服务器宕机",0
1054,SYS_1,2019-06-15 08:39:03,主机node_17 FullGC次数：23次（大于阈值：10次）,0
1055,SYS_3,2019-06-15 08:39:04,主机node_97 上I/O等待负载持续15分钟超过10%,0
1056,SYS_2,2019-06-15 08:39:04,主机node_37 上CPU Steal Time持续5分钟超过10%,0
1057,SYS_3,2019-06-15 08:39:04,主机node_3 上I/O等待负载持续15分钟超过10%,0
1058,SYS_2,2019-06-15 08:39:04,主机node_21 ping延迟时间持续3分钟大于100ms,0
1059,SYS_2,2019-06-15 08:39:04,主机node_55 上I/O等待负载持续15分钟超过10%,0
1060,SYS_3,2019-06-15 08:39:04,主机node_28 上I/O等待负载大于50%,0
1061,SYS_3,2019-06-15 08:39:04,主机node_39 端口6060通信异常,0
1062,SYS_3,2019-06-15 08:39:05,主机node_94 分区剩余空间小于阀值10%,0
1063,SYS_4,2019-06-15 08:39:06,主机node_9 日志中有No route to host信息,0
1064,SYS_8,2019-06-15 08:39:09,"主机node_88 ping丢包率100%,服务器宕机",1
1065,SYS_4,2019-06-15 08:39:09,主机node_13 网卡eth0 接收流量持续10分钟平均值大于300M,0
1066,SYS_9,2019-06-15 08:39:09,主机node_75 上CPU Steal Time持续5分钟超过10%,0
1067,SYS_5,2019-06-15 08:39:09,主机node_14 **application 停止运行,0
1068,SYS_3,2019-06-15 08:39:09,主机node_97 网卡eth0 接收流量持续10分钟平均值大于180M,0
1069,SYS_9,2019-06-15 08:39:10,主机node_47 JBOSS 8080端口的连接数大于400,0
1070,SYS_5,2019-06-15 08:39:10,主机node_76 分区剩余空间小于阀值10%,0
1071,SYS_1,2019-06-15 08:39:10,主机node_33 日志产生ERROR信息,0
1072,SYS_9,2019-06-15 08:39:12,主机node_66 上CPU Steal Time持续5分钟超过10%,0
1073,SYS_7,2019-06-15 08:39:12,主机node_51 硬盘Slot 00状态为Failed,0
1074,SYS_1,2019-06-15 08:39:13,主机node_17 FullGC次数：23次（大于阈值：10次）,0
1075,SYS_8,2019-06-15 08:39:13,"主机node_10 空闲CPU为4.74%,持续15分钟小于10%",0
1076,SYS_8,2019-06-15 08:39:13,主机node_95 上I/O等待负载大于50%,0
1077,SYS_8,2019-06-15 08:39:13,主机node_84 ping延迟时间持续3分钟大于100ms,0
1078,SYS_5,2019-06-15 08:39:13,主机node_82 **** 请求延时大于5分钟,0
1079,SYS_8,2019-06-15 08:39:13,主机node_49 上CPU Steal Time持续5分钟超过10%,0
1080,SYS_8,2019-06-15 08:39:13,主机node_49 日志产生ERROR信息,0
1081,SYS_3,2019-06-15 08:39:14,主机node_28 上I/O等待负载大于50%,0
1082,SYS_2,2019-06-15 08:39:14,主机node_21 ping延迟时间持续3分钟大于100ms,0
1083,SYS_2,2019-06-15 08:39:14,主机node_37 上CPU Steal Time持续5分钟超过10%,0
1084,SYS_2,2019-06-15 08:39:14,主机node_55 上I/O等待负载持续15分钟超过10%,0
1085,SYS_3,2019-06-15 08:39:14,主机node_97 上I/O等待负载持续15分钟超过10%,0
1086,SYS_3,2019-06-15 08:39:14,主机node_3 上I/O等待负载持续15分钟超过10%,0
1087,SYS_8,2019-06-15 08:39:16,主机node_43 日志中有OutOfMemoryError信息,0
1088,SYS_5,2019-06-15 08:39:19,主机node_14 **application 停止运行,0
1089,SYS_8,2019-06-15 08:39:19,"主机node_88 ping丢包率100%,服务器宕机",1
1090,SYS_7,2019-06-15 08:39:22,主机node_24 FullGC次数：32次（大于阈值：10次）,0
1091,SYS_8,2019-06-15 08:39:23,"主机node_10 空闲CPU为4.74%,持续15分钟小于10%",0
1092,SYS_2,2019-06-15 08:39:23,"主机node_91 空闲CPU为4.74%,持续15分钟小于10%",0
1093,SYS_3,2019-06-15 08:39:23,"主机node_39 空闲CPU为4.74%,持续15分钟小于10%",0
1094,SYS_3,2019-06-15 08:39:23,主机node_86 上I/O等待负载持续15分钟超过10%,0
1095,SYS_8,2019-06-15 08:39:23,主机node_49 上CPU Steal Time持续5分钟超过10%,0
1096,SYS_3,2019-06-15 08:39:23,主机node_94 ping延迟时间持续3分钟大于100ms,0
1097,SYS_8,2019-06-15 08:39:23,主机node_95 上I/O等待负载大于50%,0
1098,SYS_1,2019-06-15 08:39:23,主机node_17 FullGC次数：23次（大于阈值：10次）,0
1099,SYS_6,2019-06-15 08:39:23,主机node_46 **application 停止运行,0
1100,SYS_2,2019-06-15 08:39:23,主机node_7 ping延迟时间持续3分钟大于100ms,0
1101,SYS_8,2019-06-15 08:39:23,主机node_49 日志产生ERROR信息,0
1102,SYS_2,2019-06-15 08:39:23,主机node_99 HTTP:http://*************，慢响应（调用耗时超过1000ms）次数：223次（大于阈值：200次）,0
1103,SYS_2,2019-06-15 08:39:23,主机node_18 上I/O等待负载大于50%,0
1104,SYS_8,2019-06-15 08:39:23,主机node_84 ping延迟时间持续3分钟大于100ms,0
1105,SYS_2,2019-06-15 08:39:23,主机node_8 ping延迟时间持续3分钟大于100ms,0
1106,SYS_8,2019-06-15 08:39:24,主机node_79 网卡eth0 发送流量持续30分钟平均值大于700M,0
1107,SYS_2,2019-06-15 08:39:24,主机node_37 上CPU Steal Time持续5分钟超过10%,0
1108,SYS_3,2019-06-15 08:39:24,主机node_28 上I/O等待负载大于50%,0
1109,SYS_3,2019-06-15 08:39:24,主机node_3 上I/O等待负载持续15分钟超过10%,0
1110,SYS_2,2019-06-15 08:39:24,主机node_55 上I/O等待负载持续15分钟超过10%,0
1111,SYS_3,2019-06-15 08:39:24,主机node_97 上I/O等待负载持续15分钟超过10%,0
1112,SYS_2,2019-06-15 08:39:24,主机node_21 ping延迟时间持续3分钟大于100ms,0
1113,SYS_2,2019-06-15 08:39:25,主机node_37 ping延迟时间持续3分钟大于100ms,0
1114,SYS_8,2019-06-15 08:39:26,主机node_43 日志中有OutOfMemoryError信息,0
1115,SYS_8,2019-06-15 08:39:27,主机node_88 日志产生ERROR信息,0
1116,SYS_6,2019-06-15 08:39:27,主机node_25 网卡eth0 发送流量持续30分钟平均值大于700M,0
1117,SYS_4,2019-06-15 08:39:28,主机node_36 ping延迟时间持续3分钟大于100ms,0
1118,SYS_2,2019-06-15 08:39:28,主机node_8 ping延迟时间持续3分钟大于100ms,0
1119,SYS_8,2019-06-15 08:39:29,"主机node_88 ping丢包率100%,服务器宕机",1
1120,SYS_4,2019-06-15 08:39:30,主机node_19 日志报错:无法获取连接,0
1121,SYS_5,2019-06-15 08:39:32,主机node_6 日志中有OutOfMemoryError信息,0
1122,SYS_2,2019-06-15 08:39:33,"主机node_91 空闲CPU为4.74%,持续15分钟小于10%",0
1123,SYS_2,2019-06-15 08:39:33,主机node_99 HTTP:http://*************，慢响应（调用耗时超过1000ms）次数：223次（大于阈值：200次）,0
1124,SYS_2,2019-06-15 08:39:33,主机node_7 ping延迟时间持续3分钟大于100ms,0
1125,SYS_8,2019-06-15 08:39:33,"主机node_10 空闲CPU为4.74%,持续15分钟小于10%",0
1126,SYS_8,2019-06-15 08:39:33,主机node_95 上I/O等待负载大于50%,0
1127,SYS_1,2019-06-15 08:39:33,主机node_17 FullGC次数：23次（大于阈值：10次）,0
1128,SYS_3,2019-06-15 08:39:33,主机node_94 ping延迟时间持续3分钟大于100ms,0
1129,SYS_2,2019-06-15 08:39:33,主机node_8 ping延迟时间持续3分钟大于100ms,0
1130,SYS_8,2019-06-15 08:39:33,主机node_84 ping延迟时间持续3分钟大于100ms,0
1131,SYS_8,2019-06-15 08:39:33,主机node_49 上CPU Steal Time持续5分钟超过10%,0
1132,SYS_3,2019-06-15 08:39:33,"主机node_39 空闲CPU为4.74%,持续15分钟小于10%",0
1133,SYS_3,2019-06-15 08:39:33,主机node_86 上I/O等待负载持续15分钟超过10%,0
1134,SYS_2,2019-06-15 08:39:33,主机node_18 上I/O等待负载大于50%,0
1135,SYS_6,2019-06-15 08:39:35,主机node_48 日志产生ERROR信息,0
1136,SYS_8,2019-06-15 08:39:35,主机node_87 **application 停止运行,0
1137,SYS_3,2019-06-15 08:39:39,主机node_97 网卡eth0 接收流量持续10分钟平均值大于180M,0
1138,SYS_2,2019-06-15 08:39:39,主机node_21 **application 停止运行,0
1139,SYS_3,2019-06-15 08:39:40,主机node_28 堆内存平均使用率：94.61%（大于阈值：90%）,0
1140,SYS_10,2019-06-15 08:39:41,"主机node_64 空闲CPU为1.52%,持续15分钟小于10%",0
1141,SYS_8,2019-06-15 08:39:41,"主机node_84 ping丢包率100%,服务器宕机",0
1142,SYS_10,2019-06-15 08:39:42,主机node_96 JBOSS 8080端口的连接数大于400,0
1143,SYS_2,2019-06-15 08:39:43,主机node_7 ping延迟时间持续3分钟大于100ms,0
1144,SYS_2,2019-06-15 08:39:43,主机node_8 ping延迟时间持续3分钟大于100ms,0
1145,SYS_3,2019-06-15 08:39:43,主机node_94 ping延迟时间持续3分钟大于100ms,0
1146,SYS_8,2019-06-15 08:39:43,主机node_84 ping延迟时间持续3分钟大于100ms,0
1147,SYS_8,2019-06-15 08:39:43,主机node_95 上I/O等待负载大于50%,0
1148,SYS_3,2019-06-15 08:39:43,主机node_86 上I/O等待负载持续15分钟超过10%,0
1149,SYS_2,2019-06-15 08:39:43,"主机node_91 空闲CPU为4.74%,持续15分钟小于10%",0
1150,SYS_2,2019-06-15 08:39:43,主机node_18 上I/O等待负载大于50%,0
1151,SYS_1,2019-06-15 08:39:43,主机node_17 FullGC次数：23次（大于阈值：10次）,0
1152,SYS_8,2019-06-15 08:39:43,主机node_49 上CPU Steal Time持续5分钟超过10%,0
1153,SYS_8,2019-06-15 08:39:43,"主机node_10 空闲CPU为4.74%,持续15分钟小于10%",0
1154,SYS_3,2019-06-15 08:39:43,"主机node_39 空闲CPU为4.74%,持续15分钟小于10%",0
1155,SYS_6,2019-06-15 08:39:43,主机node_46 **application 停止运行,0
1156,SYS_2,2019-06-15 08:39:43,主机node_99 HTTP:http://*************，慢响应（调用耗时超过1000ms）次数：223次（大于阈值：200次）,0
1157,SYS_3,2019-06-15 08:39:44,主机node_39 端口6060通信异常,0
1158,SYS_3,2019-06-15 08:39:44,主机node_3 上I/O等待负载持续15分钟超过10%,0
1159,SYS_3,2019-06-15 08:39:44,主机node_28 上I/O等待负载大于50%,0
1160,SYS_2,2019-06-15 08:39:44,主机node_55 上I/O等待负载持续15分钟超过10%,0
1161,SYS_2,2019-06-15 08:39:44,主机node_37 上CPU Steal Time持续5分钟超过10%,0
1162,SYS_3,2019-06-15 08:39:44,主机node_97 上I/O等待负载持续15分钟超过10%,0
1163,SYS_2,2019-06-15 08:39:44,主机node_21 ping延迟时间持续3分钟大于100ms,0
1164,SYS_6,2019-06-15 08:39:47,"主机node_59 ping丢包率100%,服务器宕机",0
1165,SYS_8,2019-06-15 08:39:47,主机node_88 日志产生ERROR信息,0
1166,SYS_4,2019-06-15 08:39:48,主机node_36 ping延迟时间持续3分钟大于100ms,0
1167,SYS_9,2019-06-15 08:39:49,主机node_75 上CPU Steal Time持续5分钟超过10%,0
1168,SYS_6,2019-06-15 08:39:49,主机node_98 ping丢包率当前值为25%，持续2分钟平均大于20%,0
1169,SYS_8,2019-06-15 08:39:53,"主机node_10 空闲CPU为4.74%,持续15分钟小于10%",0
1170,SYS_8,2019-06-15 08:39:53,主机node_84 ping延迟时间持续3分钟大于100ms,0
1171,SYS_8,2019-06-15 08:39:53,主机node_95 上I/O等待负载大于50%,0
1172,SYS_8,2019-06-15 08:39:53,主机node_49 上CPU Steal Time持续5分钟超过10%,0
1173,SYS_8,2019-06-15 08:39:53,主机node_49 日志产生ERROR信息,0
1174,SYS_1,2019-06-15 08:39:53,主机node_17 FullGC次数：23次（大于阈值：10次）,0
1175,SYS_1,2019-06-15 08:39:54,主机node_58 网卡eth0 接收流量持续10分钟平均值大于180M,0
1176,SYS_6,2019-06-15 08:39:55,主机node_48 日志产生ERROR信息,0
1177,SYS_5,2019-06-15 08:39:57,主机node_38 堆内存平均使用率：94.61%（大于阈值：90%）,0
1178,SYS_8,2019-06-15 08:39:57,主机node_88 日志产生ERROR信息,0
1179,SYS_6,2019-06-15 08:39:57,主机node_25 网卡eth0 发送流量持续30分钟平均值大于700M,0
1180,SYS_3,2019-06-15 08:39:59,主机node_97 网卡eth0 接收流量持续10分钟平均值大于180M,0
1181,SYS_8,2019-06-15 08:39:59,"主机node_88 ping丢包率100%,服务器宕机",1
1182,SYS_5,2019-06-15 08:40:02,主机node_6 日志中有OutOfMemoryError信息,0
1183,SYS_1,2019-06-15 08:40:03,主机node_17 FullGC次数：23次（大于阈值：10次）,0
1184,SYS_8,2019-06-15 08:40:03,主机node_49 日志产生ERROR信息,0
1185,SYS_8,2019-06-15 08:40:05,主机node_87 **application 停止运行,0
1186,SYS_8,2019-06-15 08:40:06,主机node_43 日志中有OutOfMemoryError信息,0
1187,SYS_6,2019-06-15 08:40:07,主机node_25 网卡eth0 发送流量持续30分钟平均值大于700M,0
1188,SYS_5,2019-06-15 08:40:07,主机node_38 堆内存平均使用率：94.61%（大于阈值：90%）,0
1189,SYS_2,2019-06-15 08:40:08,主机node_8 ping延迟时间持续3分钟大于100ms,0
1190,SYS_4,2019-06-15 08:40:08,主机node_36 ping延迟时间持续3分钟大于100ms,0
1191,SYS_6,2019-06-15 08:40:08,主机node_35 上I/O等待负载持续15分钟超过10%,0
1192,SYS_8,2019-06-15 08:40:09,"主机node_88 ping丢包率100%,服务器宕机",1
1193,SYS_5,2019-06-15 08:40:12,主机node_6 日志中有OutOfMemoryError信息,0
1194,SYS_7,2019-06-15 08:40:12,主机node_24 FullGC次数：32次（大于阈值：10次）,0
1195,SYS_2,2019-06-15 08:40:12,主机node_18 上CPU Steal Time持续5分钟超过10%,0
1196,SYS_2,2019-06-15 08:40:13,"主机node_91 空闲CPU为4.74%,持续15分钟小于10%",0
1197,SYS_8,2019-06-15 08:40:13,"主机node_10 空闲CPU为4.74%,持续15分钟小于10%",0
1198,SYS_8,2019-06-15 08:40:13,主机node_49 日志产生ERROR信息,0
1199,SYS_2,2019-06-15 08:40:13,主机node_7 ping延迟时间持续3分钟大于100ms,0
1200,SYS_2,2019-06-15 08:40:13,主机node_99 HTTP:http://*************，慢响应（调用耗时超过1000ms）次数：223次（大于阈值：200次）,0
1201,SYS_3,2019-06-15 08:40:13,"主机node_39 空闲CPU为4.74%,持续15分钟小于10%",0
1202,SYS_1,2019-06-15 08:40:13,主机node_17 FullGC次数：23次（大于阈值：10次）,0
1203,SYS_8,2019-06-15 08:40:13,主机node_95 上I/O等待负载大于50%,0
1204,SYS_2,2019-06-15 08:40:13,主机node_8 ping延迟时间持续3分钟大于100ms,0
1205,SYS_8,2019-06-15 08:40:13,主机node_84 ping延迟时间持续3分钟大于100ms,0
1206,SYS_8,2019-06-15 08:40:13,主机node_49 上CPU Steal Time持续5分钟超过10%,0
1207,SYS_3,2019-06-15 08:40:13,主机node_86 上I/O等待负载持续15分钟超过10%,0
1208,SYS_3,2019-06-15 08:40:13,主机node_94 ping延迟时间持续3分钟大于100ms,0
1209,SYS_2,2019-06-15 08:40:13,主机node_18 上I/O等待负载大于50%,0
1210,SYS_7,2019-06-15 08:40:15,主机node_54 sdd IO使用率持续30分钟大于90%,0
1211,SYS_4,2019-06-15 08:40:18,主机node_36 ping延迟时间持续3分钟大于100ms,0
1212,SYS_3,2019-06-15 08:40:19,主机node_97 网卡eth0 接收流量持续10分钟平均值大于180M,0
1213,SYS_2,2019-06-15 08:40:22,主机node_18 上CPU Steal Time持续5分钟超过10%,0
1214,SYS_7,2019-06-15 08:40:22,主机node_51 硬盘Slot 00状态为Failed,0
1215,SYS_8,2019-06-15 08:40:23,"主机node_10 空闲CPU为4.74%,持续15分钟小于10%",0
1216,SYS_1,2019-06-15 08:40:23,主机node_17 FullGC次数：23次（大于阈值：10次）,0
1217,SYS_8,2019-06-15 08:40:23,主机node_84 ping延迟时间持续3分钟大于100ms,0
1218,SYS_8,2019-06-15 08:40:23,主机node_95 上I/O等待负载大于50%,0
1219,SYS_8,2019-06-15 08:40:23,主机node_49 上CPU Steal Time持续5分钟超过10%,0
1220,SYS_1,2019-06-15 08:40:24,主机node_58 网卡eth0 接收流量持续10分钟平均值大于180M,0
1221,SYS_8,2019-06-15 08:40:26,主机node_43 日志中有OutOfMemoryError信息,0
1222,SYS_2,2019-06-15 08:40:27,主机node_91 日志产生ERROR信息,0
1223,SYS_4,2019-06-15 08:40:28,主机node_36 ping延迟时间持续3分钟大于100ms,0
1224,SYS_8,2019-06-15 08:40:29,"主机node_88 ping丢包率100%,服务器宕机",1
1225,SYS_10,2019-06-15 08:40:32,主机node_96 JBOSS 8080端口的连接数大于400,0
1226,SYS_10,2019-06-15 08:40:32,主机node_90 url:http://node_90:80//访问失败,0
1227,SYS_2,2019-06-15 08:40:33,"主机node_91 空闲CPU为4.74%,持续15分钟小于10%",0
1228,SYS_2,2019-06-15 08:40:33,主机node_99 HTTP:http://*************，慢响应（调用耗时超过1000ms）次数：223次（大于阈值：200次）,0
1229,SYS_8,2019-06-15 08:40:33,主机node_95 上I/O等待负载大于50%,0
1230,SYS_8,2019-06-15 08:40:33,主机node_84 ping延迟时间持续3分钟大于100ms,0
1231,SYS_3,2019-06-15 08:40:33,主机node_86 上I/O等待负载持续15分钟超过10%,0
1232,SYS_8,2019-06-15 08:40:33,主机node_49 上CPU Steal Time持续5分钟超过10%,0
1233,SYS_2,2019-06-15 08:40:33,主机node_7 ping延迟时间持续3分钟大于100ms,0
1234,SYS_8,2019-06-15 08:40:33,"主机node_10 空闲CPU为4.74%,持续15分钟小于10%",0
1235,SYS_3,2019-06-15 08:40:33,"主机node_39 空闲CPU为4.74%,持续15分钟小于10%",0
1236,SYS_2,2019-06-15 08:40:33,主机node_8 ping延迟时间持续3分钟大于100ms,0
1237,SYS_2,2019-06-15 08:40:33,主机node_18 上I/O等待负载大于50%,0
1238,SYS_5,2019-06-15 08:40:33,主机node_82 **** 请求延时大于5分钟,0
1239,SYS_3,2019-06-15 08:40:33,主机node_94 ping延迟时间持续3分钟大于100ms,0
1240,SYS_3,2019-06-15 08:40:34,主机node_28 上I/O等待负载大于50%,0
1241,SYS_2,2019-06-15 08:40:34,主机node_21 ping延迟时间持续3分钟大于100ms,0
1242,SYS_1,2019-06-15 08:40:34,主机node_58 网卡eth0 接收流量持续10分钟平均值大于180M,0
1243,SYS_3,2019-06-15 08:40:34,主机node_3 上I/O等待负载持续15分钟超过10%,0
1244,SYS_3,2019-06-15 08:40:34,主机node_97 上I/O等待负载持续15分钟超过10%,0
1245,SYS_2,2019-06-15 08:40:34,主机node_55 上I/O等待负载持续15分钟超过10%,0
1246,SYS_2,2019-06-15 08:40:34,主机node_37 上CPU Steal Time持续5分钟超过10%,0
1247,SYS_8,2019-06-15 08:40:35,主机node_87 **application 停止运行,0
1248,SYS_3,2019-06-15 08:40:35,主机node_94 分区剩余空间小于阀值10%,0
1249,SYS_8,2019-06-15 08:40:36,主机node_43 日志中有OutOfMemoryError信息,0
1250,SYS_6,2019-06-15 08:40:37,"主机node_59 ping丢包率100%,服务器宕机",0
1251,SYS_5,2019-06-15 08:40:37,主机node_38 堆内存平均使用率：94.61%（大于阈值：90%）,0
1252,SYS_4,2019-06-15 08:40:38,主机node_36 ping延迟时间持续3分钟大于100ms,0
1253,SYS_4,2019-06-15 08:40:39,主机node_13 网卡eth0 接收流量持续10分钟平均值大于300M,0
1254,SYS_5,2019-06-15 08:40:40,主机node_2 HTTP:http://*************，慢响应（调用耗时超过1000ms）次数：309次（大于阈值：200次）,0
1255,SYS_9,2019-06-15 08:40:40,主机node_47 JBOSS 8080端口的连接数大于400,0
1256,SYS_8,2019-06-15 08:40:42,主机node_41 分区剩余空间小于阀值10%,0
1257,SYS_8,2019-06-15 08:40:43,主机node_49 日志产生ERROR信息,0
1258,SYS_1,2019-06-15 08:40:44,主机node_58 网卡eth0 接收流量持续10分钟平均值大于180M,0
1259,SYS_6,2019-06-15 08:40:45,主机node_48 日志产生ERROR信息,0
1260,SYS_7,2019-06-15 08:40:45,主机node_54 sdd IO使用率持续30分钟大于90%,0
1261,SYS_8,2019-06-15 08:40:45,主机node_95 日志报错:无法获取连接,0
1262,SYS_2,2019-06-15 08:40:46,"主机node_91 空闲CPU为1.52%,持续15分钟小于10%",0
1263,SYS_8,2019-06-15 08:40:49,"主机node_88 ping丢包率100%,服务器宕机",1
1264,SYS_6,2019-06-15 08:40:49,主机node_98 ping丢包率当前值为25%，持续2分钟平均大于20%,0
1265,SYS_9,2019-06-15 08:40:50,主机node_47 JBOSS 8080端口的连接数大于400,0
1266,SYS_10,2019-06-15 08:40:52,主机node_96 JBOSS 8080端口的连接数大于400,0
1267,SYS_7,2019-06-15 08:40:52,主机node_51 硬盘Slot 00状态为Failed,0
1268,SYS_8,2019-06-15 08:40:53,主机node_95 上I/O等待负载大于50%,0
1269,SYS_8,2019-06-15 08:40:53,"主机node_10 空闲CPU为4.74%,持续15分钟小于10%",0
1270,SYS_8,2019-06-15 08:40:53,主机node_49 上CPU Steal Time持续5分钟超过10%,0
1271,SYS_8,2019-06-15 08:40:53,主机node_84 ping延迟时间持续3分钟大于100ms,0
1272,SYS_8,2019-06-15 08:40:53,主机node_71 网卡eth0 发送流量持续10分钟平均值大于800M,0
1273,SYS_8,2019-06-15 08:40:54,主机node_79 网卡eth0 发送流量持续30分钟平均值大于700M,0
1274,SYS_4,2019-06-15 08:40:56,主机node_9 日志中有No route to host信息,0
1275,SYS_8,2019-06-15 08:40:56,主机node_43 日志中有OutOfMemoryError信息,0
1276,SYS_2,2019-06-15 08:40:57,主机node_91 日志产生ERROR信息,0
1277,SYS_4,2019-06-15 08:40:58,主机node_36 ping延迟时间持续3分钟大于100ms,0
1278,SYS_3,2019-06-15 08:40:59,主机node_97 网卡eth0 接收流量持续10分钟平均值大于180M,0
1279,SYS_8,2019-06-15 08:40:59,"主机node_88 ping丢包率100%,服务器宕机",1
1280,SYS_5,2019-06-15 08:41:00,主机node_76 分区剩余空间小于阀值10%,0
1281,SYS_4,2019-06-15 08:41:02,主机node_77 上CPU Steal Time持续5分钟超过10%,0
1282,SYS_10,2019-06-15 08:41:02,主机node_96 JBOSS 8080端口的连接数大于400,0
1283,SYS_7,2019-06-15 08:41:02,主机node_51 硬盘Slot 00状态为Failed,0
1284,SYS_8,2019-06-15 08:41:03,主机node_95 上I/O等待负载大于50%,0
1285,SYS_8,2019-06-15 08:41:03,主机node_49 上CPU Steal Time持续5分钟超过10%,0
1286,SYS_8,2019-06-15 08:41:03,主机node_84 ping延迟时间持续3分钟大于100ms,0
1287,SYS_8,2019-06-15 08:41:03,"主机node_10 空闲CPU为4.74%,持续15分钟小于10%",0
